participant,video_id,band,frontal_asymmetry,parietal_mean,valence_rating,arousal_rating,valence_type,arousal_type
1,1,delta,-0.11732900862098378,0.16872371904042738,7.71,7.6,HV,HA
1,1,theta,4.669315494518571,23.44597088942553,7.71,7.6,HV,HA
1,1,alpha,0.9647160217212054,40.140524937772305,7.71,7.6,HV,HA
1,1,beta,-4.697824464334516,28.09068184604333,7.71,7.6,HV,HA
1,1,gamma,-0.8147409451101799,8.145195649249157,7.71,7.6,HV,HA
1,2,delta,0.11664390979685213,0.1815107587851102,8.1,7.31,HV,HA
1,2,theta,-2.5677789154246327,28.538021911308476,8.1,7.31,HV,HA
1,2,alpha,0.383973679875492,35.46537777077448,8.1,7.31,HV,HA
1,2,beta,-2.5314114701102923,28.207035811195613,8.1,7.31,HV,HA
1,2,gamma,4.596841084620102,7.598391121615241,8.1,7.31,HV,HA
1,3,delta,0.15280431553334514,0.110161442887315,8.58,7.54,HV,HA
1,3,theta,6.397564962623353,23.56081594702136,8.58,7.54,HV,HA
1,3,alpha,-3.6823086296711267,40.29861834797212,8.58,7.54,HV,HA
1,3,beta,-6.5489173828033636,27.8069089149191,8.58,7.54,HV,HA
1,3,gamma,3.6800123050413696,8.210999333452582,8.58,7.54,HV,HA
1,4,delta,-0.024447351812632023,0.18441463920898526,4.94,6.01,HV,HA
1,4,theta,6.37149571014335,29.553208603165807,4.94,6.01,HV,HA
1,4,alpha,-0.5890539129705878,37.053746486475106,4.94,6.01,HV,HA
1,4,beta,-5.6680979255469595,27.342237758429256,4.94,6.01,HV,HA
1,4,gamma,-0.0882534140867195,5.855893116980157,4.94,6.01,HV,HA
1,5,delta,0.09776427380218619,0.14745464497510707,6.96,3.92,HV,HA
1,5,theta,2.417229720941993,19.13416378017883,6.96,3.92,HV,HA
1,5,alpha,2.0452214485154876,40.594668287986366,6.96,3.92,HV,HA
1,5,beta,-4.565702525571268,31.097130435828134,6.96,3.92,HV,HA
1,5,gamma,-0.0013495474394895624,9.012925595782892,6.96,3.92,HV,HA
1,6,delta,0.03350480118235377,0.1262384727801642,8.27,3.92,HV,HA
1,6,theta,0.44963403541083835,21.26870046866601,8.27,3.92,HV,HA
1,6,alpha,0.5965713299718232,41.115802457179996,8.27,3.92,HV,HA
1,6,beta,-1.6892287968496404,28.171305814133184,8.27,3.92,HV,HA
1,6,gamma,0.6116351213965254,9.30072623307994,8.27,3.92,HV,HA
1,7,delta,0.07424661361771545,0.11184133817702924,7.44,3.73,HV,HA
1,7,theta,7.912719516212871,20.7042831655081,7.44,3.73,HV,HA
1,7,alpha,-6.350790592969805,43.656518103504695,7.44,3.73,HV,HA
1,7,beta,-4.565732813301061,27.43405884274003,7.44,3.73,HV,HA
1,7,gamma,2.9319333334658975,8.083238565173895,7.44,3.73,HV,HA
1,8,delta,0.1246356465547829,0.09602856191692649,7.32,2.55,HV,HA
1,8,theta,11.395806785679255,22.655463343551844,7.32,2.55,HV,HA
1,8,alpha,2.9008538940699466,44.94060870274721,7.32,2.55,HV,HA
1,8,beta,-11.822220097006653,23.953159964510828,7.32,2.55,HV,HA
1,8,gamma,-2.5949556782812913,8.344415342938147,7.32,2.55,HV,HA
1,9,delta,0.20497805166827462,0.10283461941256813,4.04,3.29,HV,HA
1,9,theta,13.295076457717059,26.51557686193616,4.04,3.29,HV,HA
1,9,alpha,0.8281437409446326,33.40737882525559,4.04,3.29,HV,HA
1,9,beta,-10.39959220440262,27.592889349275804,4.04,3.29,HV,HA
1,9,gamma,-3.926144624755375,12.358126342129966,4.04,3.29,HV,HA
1,10,delta,-0.033268690437641024,0.14282430733989182,1.99,4.86,HV,HA
1,10,theta,9.090111212306393,20.037564538137048,1.99,4.86,HV,HA
1,10,alpha,-0.8355747564915248,45.00626494881443,1.99,4.86,HV,HA
1,10,beta,-8.427954824594412,28.038827709588006,1.99,4.86,HV,HA
1,10,gamma,0.20436134093331315,6.76576756669037,1.99,4.86,HV,HA
1,11,delta,-0.1122717721158959,0.12994896347858675,2.99,2.36,HV,LA
1,11,theta,9.840574139035066,25.955771056970164,2.99,2.36,HV,LA
1,11,alpha,-5.029605138690059,39.86374765594849,2.99,2.36,HV,LA
1,11,beta,-8.359288754364691,26.2161427855075,2.99,2.36,HV,LA
1,11,gamma,3.65286968396663,7.822401439096381,2.99,2.36,HV,LA
1,12,delta,0.034078467844552846,0.11842925242297393,2.71,2.77,HV,LA
1,12,theta,3.7857747626905045,23.047927583979238,2.71,2.77,HV,LA
1,12,alpha,1.8276961375801903,43.178553159761535,2.71,2.77,HV,LA
1,12,beta,-3.925463353401099,25.549809089834447,2.71,2.77,HV,LA
1,12,gamma,-1.7185346155545185,8.09084638294414,2.71,2.77,HV,LA
1,13,delta,0.05003447152363094,0.15725134389187537,1.95,3.12,HV,LA
1,13,theta,6.984962321714182,21.956732797531508,1.95,3.12,HV,LA
1,13,alpha,-1.7001017020922262,39.16396852620909,1.95,3.12,HV,LA
1,13,beta,-7.709592194048639,27.6796229364857,1.95,3.12,HV,LA
1,13,gamma,2.3692573863158115,11.02551768912084,1.95,3.12,HV,LA
1,14,delta,0.23641084664474382,0.11546013442009467,4.18,2.24,HV,LA
1,14,theta,14.841939846338441,32.991960394190954,4.18,2.24,HV,LA
1,14,alpha,1.6760511836542946,32.33643491448056,4.18,2.24,HV,LA
1,14,beta,-9.869653306849472,24.31284218511047,4.18,2.24,HV,LA
1,14,gamma,-6.873446553379937,10.228156394097358,4.18,2.24,HV,LA
1,15,delta,0.050991522098939285,0.11451669131039707,3.17,8.08,HV,LA
1,15,theta,6.7289995314166084,27.347887226986984,3.17,8.08,HV,LA
1,15,alpha,0.7217909183358202,42.24112037601192,3.17,8.08,HV,LA
1,15,beta,-7.480806850160352,25.68071648243398,3.17,8.08,HV,LA
1,15,gamma,-0.02091727212052774,4.6084641892551605,3.17,8.08,HV,LA
1,16,delta,0.323441372465068,0.1786461308141707,6.81,7.44,HV,LA
1,16,theta,2.4762585605238137,17.91836145491331,6.81,7.44,HV,LA
1,16,alpha,-0.5023680050604717,33.5284910234277,6.81,7.44,HV,LA
1,16,beta,-4.373559962758044,33.21699444977127,6.81,7.44,HV,LA
1,16,gamma,2.077608315793248,15.142820221306877,6.81,7.44,HV,LA
1,17,delta,0.20735357503869134,0.15622021390237226,2.46,6.91,HV,LA
1,17,theta,9.04119590803258,24.794026370187296,2.46,6.91,HV,LA
1,17,alpha,-5.056017043176517,45.490831204836,2.46,6.91,HV,LA
1,17,beta,-4.6260392355356785,25.2809834416977,2.46,6.91,HV,LA
1,17,gamma,0.4289227041349237,4.271267497221511,2.46,6.91,HV,LA
1,18,delta,0.023847114459662255,0.28873598002188716,7.23,7.15,HV,LA
1,18,theta,3.130229124050487,24.607334681199518,7.23,7.15,HV,LA
1,18,alpha,0.9390544295733108,39.29337496574635,7.23,7.15,HV,LA
1,18,beta,-5.181036114697221,28.9631320548447,7.23,7.15,HV,LA
1,18,gamma,1.0831104937089835,6.836142511119524,7.23,7.15,HV,LA
1,19,delta,0.029240173307677586,0.16635338057341995,7.17,8.0,HV,LA
1,19,theta,-0.5106653043476612,22.872755559077326,7.17,8.0,HV,LA
1,19,alpha,-1.2819042701907826,46.63802589329846,7.17,8.0,HV,LA
1,19,beta,-4.221544948644514,24.379101297796865,7.17,8.0,HV,LA
1,19,gamma,5.979488123470649,5.935412531776093,7.17,8.0,HV,LA
1,20,delta,0.12740711134879112,0.1928741898318542,8.26,7.91,HV,LA
1,20,theta,3.272296257026749,22.53714389712671,8.26,7.91,HV,LA
1,20,alpha,-2.658248780831464,37.345391463095794,8.26,7.91,HV,LA
1,20,beta,-6.074215999092971,30.208909899616998,8.26,7.91,HV,LA
1,20,gamma,5.321031569443052,9.703041310655758,8.26,7.91,HV,LA
1,21,delta,0.12480890751735935,0.21141235741061068,9.0,7.95,LV,LA
1,21,theta,7.289980000191704,24.4922613436314,9.0,7.95,LV,LA
1,21,alpha,-1.2070283195768248,35.78866493278261,9.0,7.95,LV,LA
1,21,beta,-8.457129327173938,29.96936143092784,9.0,7.95,LV,LA
1,21,gamma,2.246399704004067,9.523331319674405,9.0,7.95,LV,LA
1,22,delta,0.0366815809672556,0.1461387924371058,7.09,2.08,LV,LA
1,22,theta,7.531851677255638,20.176201560032332,7.09,2.08,LV,LA
1,22,alpha,-2.143987461029017,45.75956410415397,7.09,2.08,LV,LA
1,22,beta,-5.302093660425861,27.818728448572777,7.09,2.08,LV,LA
1,22,gamma,-0.1259351172266001,6.090608346968468,7.09,2.08,LV,LA
1,23,delta,0.16262382617227378,0.1100020306314401,8.15,3.01,LV,LA
1,23,theta,5.555703337201333,18.191187542817126,8.15,3.01,LV,LA
1,23,alpha,7.475866907024024,37.64222056486227,8.15,3.01,LV,LA
1,23,beta,-9.61342333318121,29.511714308580103,8.15,3.01,LV,LA
1,23,gamma,-3.579947541733679,14.517085583707281,8.15,3.01,LV,LA
1,24,delta,0.02715023637384839,0.13144336483755634,7.04,7.09,LV,LA
1,24,theta,3.0575628231433107,23.60861701111926,7.04,7.09,LV,LA
1,24,alpha,1.4844071815576854,35.01791712873334,7.04,7.09,LV,LA
1,24,beta,-8.444072810149265,30.471722810998877,7.04,7.09,LV,LA
1,24,gamma,3.871097241872973,10.751912380729712,7.04,7.09,LV,LA
1,25,delta,-0.03610827363406238,0.15120091798325644,8.86,7.21,LV,LA
1,25,theta,2.960239440360599,25.812543504835013,8.86,7.21,LV,LA
1,25,alpha,4.81545224723569,34.77830632875339,8.86,7.21,LV,LA
1,25,beta,-7.111652336485882,28.159251781955554,8.86,7.21,LV,LA
1,25,gamma,-0.6274291867441657,11.082113968479357,8.86,7.21,LV,LA
1,26,delta,0.0020803379790667875,0.06976306399003449,7.28,7.27,LV,LA
1,26,theta,-2.0397391296079412,18.619524872555463,7.28,7.27,LV,LA
1,26,alpha,-2.6806532434125607,25.946986337297393,7.28,7.27,LV,LA
1,26,beta,0.33374335383141585,33.415225892526756,7.28,7.27,LV,LA
1,26,gamma,4.299667496821087,21.907548836960714,7.28,7.27,LV,LA
1,27,delta,0.03600334020788226,0.09549426520463794,7.35,6.95,LV,LA
1,27,theta,8.989282882947304,22.63689527737325,7.35,6.95,LV,LA
1,27,alpha,4.9769977944517265,39.516251076321424,7.35,6.95,LV,LA
1,27,beta,-9.940492632316882,26.16504738342973,7.35,6.95,LV,LA
1,27,gamma,-4.055695612305343,11.56881624800762,7.35,6.95,LV,LA
1,28,delta,-0.0011641781138899132,0.11448500634411879,3.88,3.35,LV,LA
1,28,theta,8.655964740919572,21.227101207975274,3.88,3.35,LV,LA
1,28,alpha,0.20876629914353018,37.74263054638334,3.88,3.35,LV,LA
1,28,beta,-7.722220058437763,29.88496732746814,3.88,3.35,LV,LA
1,28,gamma,-1.1408894302349992,11.014198500574217,3.88,3.35,LV,LA
1,29,delta,-0.03160658962242266,0.12650459034401976,1.36,2.27,LV,LA
1,29,theta,-0.5411222266058395,24.08471285977425,1.36,2.27,LV,LA
1,29,alpha,2.078979218271609,39.345422120228676,1.36,2.27,LV,LA
1,29,beta,-2.385979180904414,27.51838921138009,1.36,2.27,LV,LA
1,29,gamma,0.8739935822200415,8.912752016829323,1.36,2.27,LV,LA
1,30,delta,0.1093676113354276,0.12247171472788917,2.08,2.99,LV,LA
1,30,theta,-1.0918680400363847,26.60162971370397,2.08,2.99,LV,LA
1,30,alpha,-0.48487772900926984,36.918144589960654,2.08,2.99,LV,LA
1,30,beta,-5.062280274032414,28.51102732234287,2.08,2.99,LV,LA
1,30,gamma,6.526387870206185,7.831175719812663,2.08,2.99,LV,LA
1,31,delta,0.23183169268999107,0.16369994283015976,3.03,8.14,LV,HA
1,31,theta,3.6852913605377573,20.146971903602772,3.03,8.14,LV,HA
1,31,alpha,-3.676126713309934,36.95456492205702,3.03,8.14,LV,HA
1,31,beta,-5.021692428462721,33.75914608526629,3.03,8.14,LV,HA
1,31,gamma,4.776808622297887,8.95802503953141,3.03,8.14,LV,HA
1,32,delta,0.26504604625710787,0.10640572728098814,2.28,8.0,LV,HA
1,32,theta,8.535188933065015,23.719667771901833,2.28,8.0,LV,HA
1,32,alpha,3.5655786895369275,39.31156107368609,2.28,8.0,LV,HA
1,32,beta,-10.366721096987323,29.68656449838473,2.28,8.0,LV,HA
1,32,gamma,-1.9934561266645052,7.164743087491168,2.28,8.0,LV,HA
1,33,delta,0.03453205885448371,0.14414759962775392,3.81,3.85,LV,HA
1,33,theta,4.740823485812449,25.389421936070583,3.81,3.85,LV,HA
1,33,alpha,3.0368839920274375,30.17126230587718,3.81,3.85,LV,HA
1,33,beta,-6.212443282366632,29.607355667458343,3.81,3.85,LV,HA
1,33,gamma,-1.5932238522732423,14.658344060699932,3.81,3.85,LV,HA
1,34,delta,-0.0169479450504606,0.13730974661727577,2.28,7.09,LV,HA
1,34,theta,4.816348082471155,29.08342356665135,2.28,7.09,LV,HA
1,34,alpha,3.2802668629419003,39.892630850409475,2.28,7.09,LV,HA
1,34,beta,-7.470747822898648,26.297798689107804,2.28,7.09,LV,HA
1,34,gamma,-0.609147012557937,4.582637408719741,2.28,7.09,LV,HA
1,35,delta,-0.05344642525088927,0.2137215571535718,2.06,8.15,LV,HA
1,35,theta,8.702664467487025,23.953474196444382,2.06,8.15,LV,HA
1,35,alpha,1.1146009945015045,37.54895280076083,2.06,8.15,LV,HA
1,35,beta,-10.005203123029041,31.432783351008567,2.06,8.15,LV,HA
1,35,gamma,0.24266586969215886,6.840511912138792,2.06,8.15,LV,HA
1,36,delta,0.10927999573053082,0.14590320592467712,2.9,6.92,LV,HA
1,36,theta,4.304509157461553,26.801528495347917,2.9,6.92,LV,HA
1,36,alpha,6.205137898248381,43.37224489253852,2.9,6.92,LV,HA
1,36,beta,-9.082605644346085,25.140462694376552,2.9,6.92,LV,HA
1,36,gamma,-1.5306158909215926,4.531874962771648,2.9,6.92,LV,HA
1,37,delta,0.037451114817085907,0.13802128959827079,2.31,6.88,LV,HA
1,37,theta,1.652582520764689,29.255529148401536,2.31,6.88,LV,HA
1,37,alpha,0.9290524133431326,40.324113444344434,2.31,6.88,LV,HA
1,37,beta,-6.0856578699789665,24.89604499941713,2.31,6.88,LV,HA
1,37,gamma,3.4590473443641834,5.376197505814002,2.31,6.88,LV,HA
1,38,delta,0.05156656482063218,0.09605922566433889,3.33,7.18,LV,HA
1,38,theta,-2.379268350140702,18.364854176041554,3.33,7.18,LV,HA
1,38,alpha,-5.14646610215712,44.93582548239547,3.33,7.18,LV,HA
1,38,beta,-0.261084116172583,27.206102661114645,3.33,7.18,LV,HA
1,38,gamma,7.716756654852665,9.377499488600545,3.33,7.18,LV,HA
1,39,delta,0.0696878710390689,0.1533063986697769,3.24,6.18,LV,HA
1,39,theta,-3.420417146935545,22.36861527687656,3.24,6.18,LV,HA
1,39,alpha,-0.2232917427272909,39.03123403806644,3.24,6.18,LV,HA
1,39,beta,-3.5218045805880607,29.976018376315942,3.24,6.18,LV,HA
1,39,gamma,7.08278082614002,8.456244707926219,3.24,6.18,LV,HA
1,40,delta,0.009664644497156372,0.14774148970992912,5.1,7.12,LV,HA
1,40,theta,-2.943540227411809,23.087709516631357,5.1,7.12,LV,HA
1,40,alpha,-0.893740979440377,39.1067473010783,5.1,7.12,LV,HA
1,40,beta,-3.9637974031580896,30.299638349991472,5.1,7.12,LV,HA
1,40,gamma,7.777006856490054,7.346306540595667,5.1,7.12,LV,HA
2,1,delta,0.019425877042704265,0.7880299747136462,9.0,5.03,HV,HA
2,1,theta,-1.2256270729111662,57.85848180849796,9.0,5.03,HV,HA
2,1,alpha,0.799859409070379,24.031490268117167,9.0,5.03,HV,HA
2,1,beta,0.31359528994810404,12.932419764954108,9.0,5.03,HV,HA
2,1,gamma,0.09262379471486226,4.3854038318345765,9.0,5.03,HV,HA
2,2,delta,0.032183790182763294,1.0123478283308087,8.01,7.1,HV,HA
2,2,theta,-0.2893306020529707,60.34464783725103,8.01,7.1,HV,HA
2,2,alpha,0.8488313171710029,19.851427666703017,8.01,7.1,HV,HA
2,2,beta,-0.0490288840241595,13.044774445191681,8.01,7.1,HV,HA
2,2,gamma,-0.5410580147662509,5.738583869480438,8.01,7.1,HV,HA
2,3,delta,-0.0021192261208422547,1.1171990964428755,9.0,9.0,HV,HA
2,3,theta,-0.6093681468799304,60.22315045003144,9.0,9.0,HV,HA
2,3,alpha,0.8348589636501051,21.039648113126972,9.0,9.0,HV,HA
2,3,beta,0.21445654379641343,13.151203177946286,9.0,9.0,HV,HA
2,3,gamma,-0.437645619471553,4.461363005168185,9.0,9.0,HV,HA
2,4,delta,-0.08714042960770496,1.0146893219646291,6.05,1.0,HV,HA
2,4,theta,-0.8644591962633399,58.40966089545114,6.05,1.0,HV,HA
2,4,alpha,0.46617087829168646,22.95128032034117,6.05,1.0,HV,HA
2,4,beta,0.3320802584782867,13.599018594385106,6.05,1.0,HV,HA
2,4,gamma,0.15334827918432103,4.019240031117215,6.05,1.0,HV,HA
2,5,delta,0.04757957500005072,0.9720901690664326,5.04,3.0,HV,HA
2,5,theta,-0.9259806783941116,60.30838332564438,5.04,3.0,HV,HA
2,5,alpha,0.5297985819767899,22.236709941089597,5.04,3.0,HV,HA
2,5,beta,0.23317723902101628,12.625926880719533,5.04,3.0,HV,HA
2,5,gamma,0.11500873131301215,3.8530265705937823,5.04,3.0,HV,HA
2,6,delta,-0.00938218985935535,0.7392134018820717,5.0,4.94,HV,HA
2,6,theta,-0.9513036422214043,60.63666575470255,5.0,4.94,HV,HA
2,6,alpha,0.39883694083621,22.486907206236594,5.0,4.94,HV,HA
2,6,beta,0.202963626970873,12.031517989001598,5.0,4.94,HV,HA
2,6,gamma,0.3585360794850647,4.101692428408134,5.0,4.94,HV,HA
2,7,delta,-0.012444270412396152,0.9025198195498114,4.96,1.99,HV,HA
2,7,theta,-0.8355696610890533,58.445806498809546,4.96,1.99,HV,HA
2,7,alpha,-0.08728770708816924,20.635846458538623,4.96,1.99,HV,HA
2,7,beta,0.375548334335126,14.15801325335756,4.96,1.99,HV,HA
2,7,gamma,0.5593396134432158,5.851298689348428,4.96,1.99,HV,HA
2,8,delta,0.024301264402271983,0.5309418105706059,9.0,9.0,HV,HA
2,8,theta,0.5298511672882285,57.5621396448619,9.0,9.0,HV,HA
2,8,alpha,0.0017606369267220146,21.15666597822732,9.0,9.0,HV,HA
2,8,beta,-0.11692103341792137,13.827891304031724,9.0,9.0,HV,HA
2,8,gamma,-0.4383595504267175,6.911646140111939,9.0,9.0,HV,HA
2,9,delta,-0.08467512289645085,0.9043698806130314,9.0,7.0,HV,HA
2,9,theta,-2.2640059475813956,57.58502301804751,9.0,7.0,HV,HA
2,9,alpha,1.1735480124653916,22.847358106390665,9.0,7.0,HV,HA
2,9,beta,0.7716747457495772,14.0536654823187,9.0,7.0,HV,HA
2,9,gamma,0.40373685333560005,4.605453005837566,9.0,7.0,HV,HA
2,10,delta,-0.004301904362524089,1.1255435649307484,4.99,1.0,HV,HA
2,10,theta,-1.1734843263701435,57.935609724415436,4.99,1.0,HV,HA
2,10,alpha,0.8262197915387626,20.32825972394389,4.99,1.0,HV,HA
2,10,beta,0.29224400164988573,15.874531281687203,4.99,1.0,HV,HA
2,10,gamma,0.059062626668544116,4.7298964950672175,4.99,1.0,HV,HA
2,11,delta,-0.035647658113704184,0.9046317501311345,7.08,1.0,HV,LA
2,11,theta,-0.7712721770675302,59.45962632226676,7.08,1.0,HV,LA
2,11,alpha,0.6839664322067094,21.806873681831956,7.08,1.0,HV,LA
2,11,beta,0.13379778017730937,12.96946157677106,7.08,1.0,HV,LA
2,11,gamma,-0.01083497073995987,4.852311608338941,7.08,1.0,HV,LA
2,12,delta,-0.02996630447818105,0.8642937388394727,8.01,6.06,HV,LA
2,12,theta,-0.5058205432316925,58.77476739717733,8.01,6.06,HV,LA
2,12,alpha,0.5463461663132971,21.448119149064404,8.01,6.06,HV,LA
2,12,beta,0.1114951758925895,14.246461800224408,8.01,6.06,HV,LA
2,12,gamma,-0.12132339332693176,4.658892073574717,8.01,6.06,HV,LA
2,13,delta,-0.05061369044339559,0.7419071332105929,9.0,4.99,HV,LA
2,13,theta,-1.0478159602105706,59.42339826020067,9.0,4.99,HV,LA
2,13,alpha,0.8043254785226397,21.87196436581418,9.0,4.99,HV,LA
2,13,beta,0.24266997872924723,13.674221658594684,9.0,4.99,HV,LA
2,13,gamma,0.051638412018783164,4.28366420076747,9.0,4.99,HV,LA
2,14,delta,-0.0027156630023590367,1.2495691244436715,8.94,9.0,HV,LA
2,14,theta,-0.7589550102339047,55.82875198993928,8.94,9.0,HV,LA
2,14,alpha,0.5789670283643655,22.215797143020325,8.94,9.0,HV,LA
2,14,beta,-0.005675255999210815,15.15848982132315,8.94,9.0,HV,LA
2,14,gamma,0.18714133579305336,5.538593917279179,8.94,9.0,HV,LA
2,15,delta,-0.05854037139297219,1.5266753698768518,9.0,8.01,HV,LA
2,15,theta,-0.8982599683297252,59.5294526521956,9.0,8.01,HV,LA
2,15,alpha,0.7802552408532994,20.249152134867845,9.0,8.01,HV,LA
2,15,beta,0.3090826846448076,14.423123346459885,9.0,8.01,HV,LA
2,15,gamma,-0.1312126334631285,4.265435025467431,9.0,8.01,HV,LA
2,16,delta,-0.010218290537138852,0.8485862370473162,6.0,5.05,HV,LA
2,16,theta,-0.8001599318574364,56.82299065580691,6.0,5.05,HV,LA
2,16,alpha,0.5750597387805225,19.051582847711515,6.0,5.05,HV,LA
2,16,beta,0.2663273053125528,17.4612146292131,6.0,5.05,HV,LA
2,16,gamma,-0.03090993260719066,5.8096760696120455,6.0,5.05,HV,LA
2,17,delta,0.006509876448034246,1.0705244761105897,9.0,3.0,HV,LA
2,17,theta,-0.5969596549866338,64.2214245463471,9.0,3.0,HV,LA
2,17,alpha,0.3079894669781149,20.431464895621094,9.0,3.0,HV,LA
2,17,beta,0.2243448256473617,11.085985281535944,9.0,3.0,HV,LA
2,17,gamma,0.05795870980830431,3.187024462303098,9.0,3.0,HV,LA
2,18,delta,-0.00771873476558782,0.8007132328339701,9.0,6.15,HV,LA
2,18,theta,-0.106203322143827,60.931682535429566,9.0,6.15,HV,LA
2,18,alpha,0.15019015462865504,18.369885925454103,9.0,6.15,HV,LA
2,18,beta,0.039648789341476975,14.68105835974886,9.0,6.15,HV,LA
2,18,gamma,-0.07564766962375036,5.209968679165204,9.0,6.15,HV,LA
2,19,delta,0.01380631867477411,0.8932610109058126,9.0,8.32,HV,LA
2,19,theta,-0.6244652882611916,61.49297376409514,9.0,8.32,HV,LA
2,19,alpha,0.25387956667767675,20.605320283356548,9.0,8.32,HV,LA
2,19,beta,0.23290711449447743,12.126552659164219,9.0,8.32,HV,LA
2,19,gamma,0.12389874562656522,4.877667221530077,9.0,8.32,HV,LA
2,20,delta,-0.05812661430820598,0.8788884251971785,8.97,9.0,HV,LA
2,20,theta,-1.03299142962517,59.37727535661984,8.97,9.0,HV,LA
2,20,alpha,0.590701198604977,21.055848966871796,8.97,9.0,HV,LA
2,20,beta,0.2785090703073583,13.994781856072064,8.97,9.0,HV,LA
2,20,gamma,0.22045461868089156,4.682575014450832,8.97,9.0,HV,LA
2,21,delta,-0.012304834929648178,0.7971974839633129,1.0,1.0,LV,LA
2,21,theta,-0.737109947691934,55.35057354013179,1.0,1.0,LV,LA
2,21,alpha,0.166930553621512,22.71484426741282,1.0,1.0,LV,LA
2,21,beta,0.45115449419207865,16.569967815689278,1.0,1.0,LV,LA
2,21,gamma,0.13139053854390914,4.561219263502106,1.0,1.0,LV,LA
2,22,delta,-0.04487266288687608,0.7163526877498645,5.0,1.0,LV,LA
2,22,theta,-0.39714277839470924,57.74466019499465,5.0,1.0,LV,LA
2,22,alpha,0.11869370971145354,21.87995894947462,5.0,1.0,LV,LA
2,22,beta,0.17657147135537632,14.672792680298286,5.0,1.0,LV,LA
2,22,gamma,0.1465478901487402,4.979881012218012,5.0,1.0,LV,LA
2,23,delta,0.0369560207216153,0.8950966204639894,1.0,2.97,LV,LA
2,23,theta,-2.3891650754288634,51.41813813402382,1.0,2.97,LV,LA
2,23,alpha,1.2623315906134138,24.68598224474909,1.0,2.97,LV,LA
2,23,beta,0.611212800344525,15.472240744032774,1.0,2.97,LV,LA
2,23,gamma,0.47774578570182236,7.521850235455643,1.0,2.97,LV,LA
2,24,delta,-0.07667542656666404,1.0044921115743186,7.08,9.0,LV,LA
2,24,theta,-1.053660589417433,57.24758305603076,7.08,9.0,LV,LA
2,24,alpha,0.577052035278995,21.241066557173802,7.08,9.0,LV,LA
2,24,beta,0.30712519488899837,15.838152727477679,7.08,9.0,LV,LA
2,24,gamma,0.24611196024143345,4.662527916412563,7.08,9.0,LV,LA
2,25,delta,0.00171771687830935,1.2262754945231,9.0,9.0,LV,LA
2,25,theta,-0.3803855918546759,58.47271474973139,9.0,9.0,LV,LA
2,25,alpha,0.32182180464570287,22.956002908202453,9.0,9.0,LV,LA
2,25,beta,0.0329880284512889,13.853354090264116,9.0,9.0,LV,LA
2,25,gamma,0.02392137374564185,3.488316486420576,9.0,9.0,LV,LA
2,26,delta,-0.024922504356221786,1.1043180867638054,9.0,8.04,LV,LA
2,26,theta,-0.34979941829098493,59.40404343513195,9.0,8.04,LV,LA
2,26,alpha,0.14171117647113007,21.4082841292635,9.0,8.04,LV,LA
2,26,beta,0.15414416816161203,14.493433224340077,9.0,8.04,LV,LA
2,26,gamma,0.07885043197877417,3.5864079323107534,9.0,8.04,LV,LA
2,27,delta,0.009308644995668525,0.8849262075670781,4.96,5.01,LV,LA
2,27,theta,-0.1865888040778998,63.37793164399007,4.96,5.01,LV,LA
2,27,alpha,-0.05203426059120986,21.53614017311812,4.96,5.01,LV,LA
2,27,beta,0.1350054651225583,10.900994682968031,4.96,5.01,LV,LA
2,27,gamma,0.0941222759339676,3.2963167062327763,4.96,5.01,LV,LA
2,28,delta,-0.04355828261948069,0.9854149866294816,4.06,4.97,LV,LA
2,28,theta,-0.5159619854229192,58.48346919937929,4.06,4.97,LV,LA
2,28,alpha,0.40926773657215243,21.34699215038141,4.06,4.97,LV,LA
2,28,beta,0.1568588926233332,14.471581332105055,4.06,4.97,LV,LA
2,28,gamma,-0.006630140381465255,4.70642262355329,4.06,4.97,LV,LA
2,29,delta,-0.03146149388742869,1.0523983059691269,2.99,7.04,LV,LA
2,29,theta,-0.8020066154981862,58.24711887510695,2.99,7.04,LV,LA
2,29,alpha,0.21412267033318244,21.40715888723645,2.99,7.04,LV,LA
2,29,beta,0.3985907044460779,14.32205034405109,2.99,7.04,LV,LA
2,29,gamma,0.22031795852613945,4.96579998620037,2.99,7.04,LV,LA
2,30,delta,-0.0014282587540928038,1.0075000711035673,2.01,7.05,LV,LA
2,30,theta,-0.7361199167623624,57.33266559938036,2.01,7.05,LV,LA
2,30,alpha,0.16130928791114751,20.348913088295493,2.01,7.05,LV,LA
2,30,beta,0.3368095697783908,16.088930180806578,2.01,7.05,LV,LA
2,30,gamma,0.2395620289005005,5.216433298926931,2.01,7.05,LV,LA
2,31,delta,-0.05293795795679368,1.0516463728419576,4.06,7.05,LV,HA
2,31,theta,-0.40023665387272445,58.72774394495282,4.06,7.05,LV,HA
2,31,alpha,0.18459292211933764,21.47118802409355,4.06,7.05,LV,HA
2,31,beta,0.16068934464091722,14.389084275967162,4.06,7.05,LV,HA
2,31,gamma,0.10755411350932764,4.355144546094236,4.06,7.05,LV,HA
2,32,delta,-0.010316811546277505,0.641781551467854,1.0,9.0,LV,HA
2,32,theta,-0.48299140442462374,59.77625012045259,1.0,9.0,LV,HA
2,32,alpha,0.18959551688952647,18.89964875108967,1.0,9.0,LV,HA
2,32,beta,0.11390249489737281,15.42969054334505,1.0,9.0,LV,HA
2,32,gamma,0.18996271715310797,5.245405241677835,1.0,9.0,LV,HA
2,33,delta,0.0267631508838182,0.8278504818104202,5.0,8.03,LV,HA
2,33,theta,-0.7481662317225215,56.78660740724363,5.0,8.03,LV,HA
2,33,alpha,0.2683895678806021,22.119748751983355,5.0,8.03,LV,HA
2,33,beta,0.23259430090141953,15.229902700479663,5.0,8.03,LV,HA
2,33,gamma,0.220080203968831,5.0297594339819405,5.0,8.03,LV,HA
2,34,delta,-0.007727092389968382,0.776100251416808,4.87,1.0,LV,HA
2,34,theta,-0.6679642959209673,54.896757161789054,4.87,1.0,LV,HA
2,34,alpha,0.9256978760876651,21.230873431178942,4.87,1.0,LV,HA
2,34,beta,0.031778517855516775,17.876911716791913,4.87,1.0,LV,HA
2,34,gamma,-0.28169321764543165,5.214110442647714,4.87,1.0,LV,HA
2,35,delta,0.003562358759173101,1.130285376175335,1.99,2.0,LV,HA
2,35,theta,-0.41552845843135344,61.04784136104036,1.99,2.0,LV,HA
2,35,alpha,0.16507877629279832,18.978789556001367,1.99,2.0,LV,HA
2,35,beta,0.161651806180374,14.593655813268787,1.99,2.0,LV,HA
2,35,gamma,0.08509793817310318,4.245290462081226,1.99,2.0,LV,HA
2,36,delta,-0.0945333124354264,0.8346670861901606,5.04,1.0,LV,HA
2,36,theta,-1.3212559502251366,52.79485806286991,5.04,1.0,LV,HA
2,36,alpha,0.9525508218622161,23.405166524123285,5.04,1.0,LV,HA
2,36,beta,0.42829699313717384,16.80845206710644,5.04,1.0,LV,HA
2,36,gamma,0.034679849763217696,6.150261379138481,5.04,1.0,LV,HA
2,37,delta,-0.0630670689775128,1.3388541982142872,1.0,8.06,LV,HA
2,37,theta,-0.4435842902330194,61.68549568024484,1.0,8.06,LV,HA
2,37,alpha,0.28504554352562916,18.89721170114822,1.0,8.06,LV,HA
2,37,beta,0.11423195027745447,14.215176463582981,1.0,8.06,LV,HA
2,37,gamma,0.10720289008435491,3.8569144331896923,1.0,8.06,LV,HA
2,38,delta,0.0017000245001430603,0.9150611707012818,1.0,9.0,LV,HA
2,38,theta,-0.18336339417116676,61.30611533160361,1.0,9.0,LV,HA
2,38,alpha,0.03021919444609633,19.57463066618684,1.0,9.0,LV,HA
2,38,beta,0.09662362655233103,12.92811782093234,1.0,9.0,LV,HA
2,38,gamma,0.054955985907885196,5.269928173376133,1.0,9.0,LV,HA
2,39,delta,-0.023311838186362288,0.4856477201442218,1.0,1.0,LV,HA
2,39,theta,-0.9675731486792358,56.99400090090042,1.0,1.0,LV,HA
2,39,alpha,0.3535541514062128,20.7205248865833,1.0,1.0,LV,HA
2,39,beta,0.39854118947542894,17.01329990329301,1.0,1.0,LV,HA
2,39,gamma,0.2382226129566014,4.781787223748243,1.0,1.0,LV,HA
2,40,delta,-0.04047224108511305,0.8040179136211727,6.05,6.67,LV,HA
2,40,theta,-2.5246225086210075,56.31850457352901,6.05,6.67,LV,HA
2,40,alpha,1.616274813966534,23.35576912016051,6.05,6.67,LV,HA
2,40,beta,0.5856150599175511,14.631536089221935,6.05,6.67,LV,HA
2,40,gamma,0.3633092374132887,4.8836944765836545,6.05,6.67,LV,HA
3,1,delta,-1.1631680751769342,1.3875716413975003,5.33,4.67,HV,HA
3,1,theta,-38.237045134800226,72.20244994942229,5.33,4.67,HV,HA
3,1,alpha,7.471562137441849,11.032554266261766,5.33,4.67,HV,HA
3,1,beta,18.695419903051715,10.088907265777427,5.33,4.67,HV,HA
3,1,gamma,13.203612621672608,5.28078466823653,5.33,4.67,HV,HA
3,2,delta,-1.2822760951681533,1.540856816207631,7.21,4.44,HV,HA
3,2,theta,-41.83362523219675,77.21459020256106,7.21,4.44,HV,HA
3,2,alpha,9.315159887913032,7.988344351765528,7.21,4.44,HV,HA
3,2,beta,18.67216252397925,7.635224817396908,7.21,4.44,HV,HA
3,2,gamma,15.112609190429474,5.612061298559404,7.21,4.44,HV,HA
3,3,delta,-1.4025460376378973,1.8872662262561217,7.55,2.81,HV,HA
3,3,theta,-36.04961683257932,80.36907405575735,7.55,2.81,HV,HA
3,3,alpha,10.318046672982739,8.226170113855769,7.55,2.81,HV,HA
3,3,beta,16.124838742481906,6.397389405573667,7.55,2.81,HV,HA
3,3,gamma,11.003195686818142,3.1159398471331485,7.55,2.81,HV,HA
3,4,delta,-0.25873688811284257,0.5711349785611979,4.69,3.69,HV,HA
3,4,theta,-7.3996879955492645,46.806685113037716,4.69,3.69,HV,HA
3,4,alpha,-4.395031591011467,21.324977381054406,4.69,3.69,HV,HA
3,4,beta,4.795477596530574,21.23902434154457,4.69,3.69,HV,HA
3,4,gamma,7.250920064676014,10.041646708683327,4.69,3.69,HV,HA
3,5,delta,-1.0966270342521878,1.3388689308035264,6.92,4.44,HV,HA
3,5,theta,-31.413911245407498,63.827552168274636,6.92,4.44,HV,HA
3,5,alpha,3.4426970157925254,13.716726647791308,6.92,4.44,HV,HA
3,5,beta,13.335638318845845,13.346010653141116,6.92,4.44,HV,HA
3,5,gamma,15.71214728421506,7.75882989231372,6.92,4.44,HV,HA
3,6,delta,-0.5699238579942533,1.1491132442061431,6.79,1.97,HV,HA
3,6,theta,-26.97467737719981,70.70493502773448,6.79,1.97,HV,HA
3,6,alpha,2.5779126085383464,14.362698462865218,6.79,1.97,HV,HA
3,6,beta,11.942147447397875,9.439163428407829,6.79,1.97,HV,HA
3,6,gamma,12.992832881540824,4.339172918353947,6.79,1.97,HV,HA
3,7,delta,-0.5891869039413952,1.083226287066483,5.45,3.01,HV,HA
3,7,theta,-24.165032463142012,66.2481667891831,5.45,3.01,HV,HA
3,7,alpha,7.672285325934936,14.686273793303805,5.45,3.01,HV,HA
3,7,beta,9.772702493049943,12.093539301079378,5.45,3.01,HV,HA
3,7,gamma,7.299022771162165,5.880952450505948,5.45,3.01,HV,HA
3,8,delta,-0.30234046254740177,0.6049885563558606,7.14,4.33,HV,HA
3,8,theta,-35.37492377747066,62.33724792295601,7.14,4.33,HV,HA
3,8,alpha,1.4193501879110535,15.301600162661774,7.14,4.33,HV,HA
3,8,beta,15.697893370415434,14.31076473226204,7.14,4.33,HV,HA
3,8,gamma,18.539001862415905,7.432219551608084,7.14,4.33,HV,HA
3,9,delta,-0.5252867672527739,0.5883261169181191,7.33,3.23,HV,HA
3,9,theta,-33.753061302196336,74.86133399522339,7.33,3.23,HV,HA
3,9,alpha,6.580631839861395,10.10777841714104,7.33,3.23,HV,HA
3,9,beta,14.759371168000193,8.603973679984362,7.33,3.23,HV,HA
3,9,gamma,12.921192647085507,5.828446703409595,7.33,3.23,HV,HA
3,10,delta,-0.5799866878514353,0.9642353249695756,4.45,5.49,HV,HA
3,10,theta,-13.583643396764693,52.41389854785305,4.45,5.49,HV,HA
3,10,alpha,1.1883683254701793,18.61068499583329,4.45,5.49,HV,HA
3,10,beta,8.114219179412054,17.412149520032465,4.45,5.49,HV,HA
3,10,gamma,4.853157547587502,10.586153855551078,4.45,5.49,HV,HA
3,11,delta,-0.7146885587614162,0.7576859639179727,7.94,3.12,HV,LA
3,11,theta,-21.160793514470107,55.02235650203325,7.94,3.12,HV,LA
3,11,alpha,3.1382590552099447,14.192806104899777,7.94,3.12,HV,LA
3,11,beta,6.88950957308062,17.512547532087066,7.94,3.12,HV,LA
3,11,gamma,11.84113612824667,12.501813480878052,7.94,3.12,HV,LA
3,12,delta,-0.597904721965972,1.0625112614794383,6.36,3.15,HV,LA
3,12,theta,-28.69991868938864,62.22525419330774,6.36,3.15,HV,LA
3,12,alpha,7.420869495647967,12.684853134919894,6.36,3.15,HV,LA
3,12,beta,11.743132039667735,14.80935857212818,6.36,3.15,HV,LA
3,12,gamma,10.118672666705853,9.204654737053826,6.36,3.15,HV,LA
3,13,delta,-0.7004891209331292,0.8265032085926125,7.91,2.97,HV,LA
3,13,theta,-29.800212529813223,51.511305279974124,7.91,2.97,HV,LA
3,13,alpha,-0.29016864655168284,15.823831965948617,7.91,2.97,HV,LA
3,13,beta,10.11731765584542,17.712745346580565,7.91,2.97,HV,LA
3,13,gamma,20.64759789926354,14.110917026765971,7.91,2.97,HV,LA
3,14,delta,-0.9509816342802302,1.4327369684199942,7.29,3.86,HV,LA
3,14,theta,-36.07032529025365,70.4018589082248,7.29,3.86,HV,LA
3,14,alpha,5.389219861940113,9.08283617395474,7.29,3.86,HV,LA
3,14,beta,15.161855189876947,11.779845460857608,7.29,3.86,HV,LA
3,14,gamma,16.456830430765265,7.295492144702082,7.29,3.86,HV,LA
3,15,delta,-1.1502669069823865,1.3410353247388016,7.36,2.92,HV,LA
3,15,theta,-22.692859688316837,64.8212909283981,7.36,2.92,HV,LA
3,15,alpha,4.171316433570631,11.884506490812612,7.36,2.92,HV,LA
3,15,beta,10.307455784010235,13.274780257228958,7.36,2.92,HV,LA
3,15,gamma,9.35883995256269,8.66333062520323,7.36,2.92,HV,LA
3,16,delta,-0.9451025862354961,1.5255843082165268,7.15,4.37,HV,LA
3,16,theta,-29.60082417871238,73.90984278681093,7.15,4.37,HV,LA
3,16,alpha,7.178990574779913,10.193112665522452,7.15,4.37,HV,LA
3,16,beta,14.233068075541285,9.405117623496778,7.15,4.37,HV,LA
3,16,gamma,9.121087967352429,4.960479634150612,7.15,4.37,HV,LA
3,17,delta,-0.9501080931301747,1.0440089681297904,4.56,1.78,HV,LA
3,17,theta,-12.809931874195605,55.223199275128636,4.56,1.78,HV,LA
3,17,alpha,2.1169167639149933,18.431980307630553,4.56,1.78,HV,LA
3,17,beta,6.370593382778168,16.366918044489985,4.56,1.78,HV,LA
3,17,gamma,5.2618588234956105,8.92461415089297,4.56,1.78,HV,LA
3,18,delta,-0.9920140196549592,1.365394266326916,7.1,2.13,HV,LA
3,18,theta,-39.349729476081954,73.44973417772579,7.1,2.13,HV,LA
3,18,alpha,7.6930438048377265,10.51191815990182,7.1,2.13,HV,LA
3,18,beta,17.741926270779917,9.461984494753915,7.1,2.13,HV,LA
3,18,gamma,14.885759440043767,5.203306171217079,7.1,2.13,HV,LA
3,19,delta,-0.838610784454622,0.9463641873461851,8.14,3.17,HV,LA
3,19,theta,-32.015690841281355,73.34682875780508,8.14,3.17,HV,LA
3,19,alpha,5.560697856891972,11.657115793420962,8.14,3.17,HV,LA
3,19,beta,13.494253071772299,9.180487042185174,8.14,3.17,HV,LA
3,19,gamma,13.784149669839747,4.86207465720712,8.14,3.17,HV,LA
3,20,delta,-0.869992789588634,1.402588731437851,6.26,3.13,HV,LA
3,20,theta,-18.726849577127822,55.24107875832054,6.26,3.13,HV,LA
3,20,alpha,1.2060270090794525,17.298727895999416,6.26,3.13,HV,LA
3,20,beta,8.914880140069382,17.336706013998494,6.26,3.13,HV,LA
3,20,gamma,9.460047676418263,8.71119209028097,6.26,3.13,HV,LA
3,21,delta,0.1423558871371775,0.3376645362620392,4.99,6.44,LV,LA
3,21,theta,-23.312231997832022,53.87756152675952,4.99,6.44,LV,LA
3,21,alpha,-0.922055115228062,18.410883322944834,4.99,6.44,LV,LA
3,21,beta,9.8756055364967,17.67540157438779,4.99,6.44,LV,LA
3,21,gamma,14.196903698312592,9.686856007345666,4.99,6.44,LV,LA
3,22,delta,-1.0987804643516945,1.2575228639134273,4.94,1.0,LV,LA
3,22,theta,-34.72543017860428,76.60052810858635,4.94,1.0,LV,LA
3,22,alpha,8.697304563698715,9.563622165926976,4.94,1.0,LV,LA
3,22,beta,15.546905517010629,8.57903621280172,4.94,1.0,LV,LA
3,22,gamma,11.569219287500438,3.993875373418943,4.94,1.0,LV,LA
3,23,delta,-1.1080047990790824,1.6932763164614095,3.65,2.5,LV,LA
3,23,theta,-29.42839240546077,62.15958281802146,3.65,2.5,LV,LA
3,23,alpha,6.787264215218848,13.723951482159563,3.65,2.5,LV,LA
3,23,beta,14.12229326814831,14.880692641482838,3.65,2.5,LV,LA
3,23,gamma,9.623497276556053,7.531819797057459,3.65,2.5,LV,LA
3,24,delta,-1.2638905779815521,1.7355415488290467,3.31,2.27,LV,LA
3,24,theta,-24.159013986739318,64.07669223976488,3.31,2.27,LV,LA
3,24,alpha,6.967552590033854,13.179789704520529,3.31,2.27,LV,LA
3,24,beta,10.654682726685719,13.380971667288591,3.31,2.27,LV,LA
3,24,gamma,7.7918345876177995,7.617737567743024,3.31,2.27,LV,LA
3,25,delta,-0.9538457148421723,1.174750145926191,3.45,1.41,LV,LA
3,25,theta,-19.429942078578257,67.58193703785251,3.45,1.41,LV,LA
3,25,alpha,3.041486339415263,11.920756061828463,3.45,1.41,LV,LA
3,25,beta,8.532239874319702,12.76725337697631,3.45,1.41,LV,LA
3,25,gamma,8.79413328171088,6.548275749608944,3.45,1.41,LV,LA
3,26,delta,-0.79563251357345,1.0411180051321107,4.67,1.18,LV,LA
3,26,theta,-26.457000312242748,61.27102460899525,4.67,1.18,LV,LA
3,26,alpha,3.794535745051064,14.094315522032446,4.67,1.18,LV,LA
3,26,beta,11.49255374163679,14.631047128839786,4.67,1.18,LV,LA
3,26,gamma,11.950930103668394,8.949358035460474,4.67,1.18,LV,LA
3,27,delta,-0.7453195123485814,0.9878115213287537,6.72,3.29,LV,LA
3,27,theta,-24.815921414483853,63.95671060858906,6.72,3.29,LV,LA
3,27,alpha,0.35150108072669894,16.64091032630243,6.72,3.29,LV,LA
3,27,beta,12.460310144253969,12.545084235639306,6.72,3.29,LV,LA
3,27,gamma,12.733640764452169,5.862173623975705,6.72,3.29,LV,LA
3,28,delta,-0.26033389369718773,0.5587535139249097,5.59,2.5100000000000002,LV,LA
3,28,theta,5.844791024569119,35.64746764255567,5.59,2.5100000000000002,LV,LA
3,28,alpha,1.766204457540045,20.753951459756212,5.59,2.5100000000000002,LV,LA
3,28,beta,0.38149783588913166,23.717239118109003,5.59,2.5100000000000002,LV,LA
3,28,gamma,-7.73780663850051,19.305761546976083,5.59,2.5100000000000002,LV,LA
3,29,delta,-1.1263089702143683,1.5382273552548225,4.47,3.85,LV,LA
3,29,theta,-29.84114057215998,74.89230596412796,4.47,3.85,LV,LA
3,29,alpha,7.013970853252701,10.863177402485391,4.47,3.85,LV,LA
3,29,beta,14.529817328987148,8.122261223577633,4.47,3.85,LV,LA
3,29,gamma,9.412034868134851,4.577385278165058,4.47,3.85,LV,LA
3,30,delta,-1.255950745635721,1.6746978995028732,3.87,3.09,LV,LA
3,30,theta,-39.17757304686823,72.40013257181835,3.87,3.09,LV,LA
3,30,alpha,6.63598881207085,10.312117794169195,3.87,3.09,LV,LA
3,30,beta,18.5696187149466,9.718833082080618,3.87,3.09,LV,LA
3,30,gamma,15.202089745131431,5.88463219554813,3.87,3.09,LV,LA
3,31,delta,-0.9240010792882243,0.8934195202809359,4.44,4.06,LV,HA
3,31,theta,-25.63956417474276,55.34353746199702,4.44,4.06,LV,HA
3,31,alpha,6.861428767899312,13.363848173119301,4.44,4.06,LV,HA
3,31,beta,10.918564334286378,18.14779119917701,4.44,4.06,LV,HA
3,31,gamma,8.781077645573063,12.237946595840757,4.44,4.06,LV,HA
3,32,delta,-0.7779181977138638,0.8339580728596467,5.17,4.49,LV,HA
3,32,theta,-17.002140943327653,56.37680254321317,5.17,4.49,LV,HA
3,32,alpha,-0.02907535868962441,16.28209748756415,5.17,4.49,LV,HA
3,32,beta,7.991913858083201,17.009148816598767,5.17,4.49,LV,HA
3,32,gamma,9.802132582077554,9.488557761775208,5.17,4.49,LV,HA
3,33,delta,-0.23883866690209488,0.5362271625761216,4.05,3.83,LV,HA
3,33,theta,-7.242077597353337,40.66058438122067,4.05,3.83,LV,HA
3,33,alpha,-1.6323999373611322,21.099575315905167,4.05,3.83,LV,HA
3,33,beta,3.407018100723505,23.99818614829448,4.05,3.83,LV,HA
3,33,gamma,5.689590363342363,13.695599627824828,4.05,3.83,LV,HA
3,34,delta,-0.9348417422177798,1.2799805878200603,4.72,8.12,LV,HA
3,34,theta,-30.188736203840868,69.35400552004343,4.72,8.12,LV,HA
3,34,alpha,8.530429956239255,10.534998694809865,4.72,8.12,LV,HA
3,34,beta,14.428259730618255,12.481779163070131,4.72,8.12,LV,HA
3,34,gamma,8.158926825976014,6.342391677394822,4.72,8.12,LV,HA
3,35,delta,-0.4445456715455988,0.6709658744555438,3.18,5.04,LV,HA
3,35,theta,-36.50464800762161,79.09612973191521,3.18,5.04,LV,HA
3,35,alpha,9.060081991810733,7.928387656210967,3.18,5.04,LV,HA
3,35,beta,17.27319431274836,8.177973732786857,3.18,5.04,LV,HA
3,35,gamma,10.604829826097273,4.120740709061755,3.18,5.04,LV,HA
3,36,delta,0.1486574903219774,0.6262153400985007,5.01,5.5,LV,HA
3,36,theta,-15.47184442765542,52.778995522512886,5.01,5.5,LV,HA
3,36,alpha,-0.277655862561069,18.777920117464667,5.01,5.5,LV,HA
3,36,beta,6.585126187286601,19.60615937651219,5.01,5.5,LV,HA
3,36,gamma,9.005179612305552,8.201083823641373,5.01,5.5,LV,HA
3,37,delta,-0.17491253666629702,0.41140816166602767,4.92,6.05,LV,HA
3,37,theta,-4.6369981216715885,36.76737500862458,4.92,6.05,LV,HA
3,37,alpha,-4.477459980072217,17.734307828980594,4.92,6.05,LV,HA
3,37,beta,3.17640354166328,28.293718921696033,4.92,6.05,LV,HA
3,37,gamma,6.114145208985747,16.768924046830993,4.92,6.05,LV,HA
3,38,delta,-0.9305217979990857,1.2855913281755644,4.53,5.68,LV,HA
3,38,theta,-32.66495971191883,66.11866047127589,4.53,5.68,LV,HA
3,38,alpha,7.812027157735299,11.484669569594013,4.53,5.68,LV,HA
3,38,beta,14.893798512198,13.55003502601424,4.53,5.68,LV,HA
3,38,gamma,10.873297301272,7.554144892207715,4.53,5.68,LV,HA
3,39,delta,-0.4137443655243288,0.9402436072777518,4.33,6.21,LV,HA
3,39,theta,-24.601874437043527,51.29782057788677,4.33,6.21,LV,HA
3,39,alpha,1.5437588760195151,18.218314474647098,4.33,6.21,LV,HA
3,39,beta,12.280547733843928,19.485008506524153,4.33,6.21,LV,HA
3,39,gamma,11.162146397972347,10.048261544305458,4.33,6.21,LV,HA
3,40,delta,-0.8348137428188169,1.1639233842416858,5.38,4.33,LV,HA
3,40,theta,-23.36546130215666,58.532599693276524,5.38,4.33,LV,HA
3,40,alpha,4.332687539944137,13.846691229345794,5.38,4.33,LV,HA
3,40,beta,11.73409711049812,16.25093268457666,5.38,4.33,LV,HA
3,40,gamma,8.12226059919261,10.196646355664399,5.38,4.33,LV,HA
4,1,delta,0.04265715486816912,0.8900638335691462,6.68,5.03,HV,HA
4,1,theta,1.6792379620144544,80.42355319426193,6.68,5.03,HV,HA
4,1,alpha,-0.46596074643592456,10.413922708735502,6.68,5.03,HV,HA
4,1,beta,-0.8886406737912185,5.582200786831612,6.68,5.03,HV,HA
4,1,gamma,-0.3662971189887987,2.68634168811923,6.68,5.03,HV,HA
4,2,delta,0.13327498117362024,0.7707150839630688,4.06,3.31,HV,HA
4,2,theta,1.742034745055264,73.44951951363407,4.06,3.31,HV,HA
4,2,alpha,-0.043752449869653987,15.042917600190414,4.06,3.31,HV,HA
4,2,beta,-1.0745497481931912,7.154348539140197,4.06,3.31,HV,HA
4,2,gamma,-0.7559999698628288,3.5750639738692143,4.06,3.31,HV,HA
4,3,delta,0.010083608428236301,1.1952733563009614,8.95,8.1,HV,HA
4,3,theta,1.456958110595167,77.01171747230381,8.95,8.1,HV,HA
4,3,alpha,-0.9827232717070089,15.11017220648802,8.95,8.1,HV,HA
4,3,beta,-0.26017555628146605,4.690935223006393,8.95,8.1,HV,HA
4,3,gamma,-0.22379058263635132,1.9901363153691811,8.95,8.1,HV,HA
4,4,delta,0.02011358162624588,1.4536674825375826,6.1,3.92,HV,HA
4,4,theta,0.8375069250517413,75.66566140159507,6.1,3.92,HV,HA
4,4,alpha,-0.1346307011744461,11.287122602447084,6.1,3.92,HV,HA
4,4,beta,-0.5132553969274722,6.104679958058979,6.1,3.92,HV,HA
4,4,gamma,-0.20892585592205393,5.4836640069715195,6.1,3.92,HV,HA
4,5,delta,0.006844877350881573,0.9971109556450628,4.06,5.04,HV,HA
4,5,theta,0.8132610528045916,79.74264646531358,4.06,5.04,HV,HA
4,5,alpha,-0.19256847818485134,12.77298012206062,4.06,5.04,HV,HA
4,5,beta,-0.35680597767709976,4.234671941923738,4.06,5.04,HV,HA
4,5,gamma,-0.2701984077093029,2.249541749645819,4.06,5.04,HV,HA
4,6,delta,-0.040544191700192855,0.5440612789082518,5.01,2.95,HV,HA
4,6,theta,0.768041888971112,64.23404937790087,5.01,2.95,HV,HA
4,6,alpha,-0.6548495104097878,15.18220414884931,5.01,2.95,HV,HA
4,6,beta,-0.11832890179320543,10.643772602570426,5.01,2.95,HV,HA
4,6,gamma,0.04529774946534815,9.386257497590886,5.01,2.95,HV,HA
4,7,delta,0.03648225613025491,0.8584288731556036,2.94,1.99,HV,HA
4,7,theta,0.42113692569982675,70.61677143942421,2.94,1.99,HV,HA
4,7,alpha,0.2059125505680761,12.31577279838178,2.94,1.99,HV,HA
4,7,beta,-0.4712312818419946,8.08971726766114,2.94,1.99,HV,HA
4,7,gamma,-0.19253516082078725,8.111124077218687,2.94,1.99,HV,HA
4,8,delta,0.03904758964054733,1.0680682363275582,5.97,5.05,HV,HA
4,8,theta,2.601826300840017,70.31007409614375,5.97,5.05,HV,HA
4,8,alpha,-0.3948166330155747,14.010490936229768,5.97,5.05,HV,HA
4,8,beta,-1.5881142215764612,8.722525252685141,5.97,5.05,HV,HA
4,8,gamma,-0.6585482285886686,5.883776067845572,5.97,5.05,HV,HA
4,9,delta,-0.022815967910579382,0.7260652667678119,6.05,3.96,HV,HA
4,9,theta,1.804697907874548,62.954647838408505,6.05,3.96,HV,HA
4,9,alpha,-0.39205581767818565,12.829729773105319,6.05,3.96,HV,HA
4,9,beta,-0.9225705583379948,12.001716317879023,6.05,3.96,HV,HA
4,9,gamma,-0.46513680445816696,11.477386995789587,6.05,3.96,HV,HA
4,10,delta,0.0536370838420821,1.19880663969628,3.15,3.99,HV,HA
4,10,theta,0.8910631043239619,72.46721937745988,3.15,3.99,HV,HA
4,10,alpha,0.09584094067197135,15.7071173860488,3.15,3.99,HV,HA
4,10,beta,-0.6978409197171036,6.510454941264854,3.15,3.99,HV,HA
4,10,gamma,-0.3416232676977087,4.11077441594513,3.15,3.99,HV,HA
4,11,delta,-0.07213143792611332,2.270193086941389,7.24,7.08,HV,LA
4,11,theta,1.279657740122829,79.62893996609873,7.24,7.08,HV,LA
4,11,alpha,-0.22467073028151852,11.148160240326058,7.24,7.08,HV,LA
4,11,beta,-0.692048864140244,4.490404012451572,7.24,7.08,HV,LA
4,11,gamma,-0.29027119290665127,2.459496439530094,7.24,7.08,HV,LA
4,12,delta,0.05681259615193679,1.2293809002390799,5.04,5.04,HV,LA
4,12,theta,0.9185918482851321,81.37228082191585,5.04,5.04,HV,LA
4,12,alpha,-0.3441136692652478,11.7700714078346,5.04,5.04,HV,LA
4,12,beta,-0.4325970535994519,3.9286773575639007,5.04,5.04,HV,LA
4,12,gamma,-0.19832282664175205,1.69754804948594,5.04,5.04,HV,LA
4,13,delta,0.054913096781743054,1.1562178114063641,4.12,4.88,HV,LA
4,13,theta,1.302631461791492,81.220932277573,4.12,4.88,HV,LA
4,13,alpha,-0.8333911625027781,10.398264910226272,4.12,4.88,HV,LA
4,13,beta,-0.42511582899519285,4.30731016921542,4.12,4.88,HV,LA
4,13,gamma,-0.09825691209247589,2.9105810934672256,4.12,4.88,HV,LA
4,14,delta,0.07576748262008204,1.2093634270904112,6.96,6.97,HV,LA
4,14,theta,1.1589288179636128,81.74046750876224,6.96,6.97,HV,LA
4,14,alpha,-0.6117753123837026,11.782540210767666,6.96,6.97,HV,LA
4,14,beta,-0.34733356143737026,3.7156629690747858,6.96,6.97,HV,LA
4,14,gamma,-0.2755594207810459,1.550474295127219,6.96,6.97,HV,LA
4,15,delta,0.040992997385063235,0.6971886970051995,6.96,7.05,HV,LA
4,15,theta,1.2672536183076346,82.90046711667372,6.96,7.05,HV,LA
4,15,alpha,-0.8372782812535426,12.011303560312559,6.96,7.05,HV,LA
4,15,beta,-0.3041555931582398,3.1483907252078875,6.96,7.05,HV,LA
4,15,gamma,-0.1667207056186244,1.24130064744184,6.96,7.05,HV,LA
4,16,delta,0.01196189172115747,1.0661220542277785,2.5100000000000002,2.95,HV,LA
4,16,theta,0.978813234099178,82.42878994660316,2.5100000000000002,2.95,HV,LA
4,16,alpha,-0.2635434345377252,10.663606755987866,2.5100000000000002,2.95,HV,LA
4,16,beta,-0.5997657861812113,3.952060813119763,2.5100000000000002,2.95,HV,LA
4,16,gamma,-0.12681281260998611,1.8860947833689756,2.5100000000000002,2.95,HV,LA
4,17,delta,-0.03779055796689468,1.428318875528155,7.01,5.95,HV,LA
4,17,theta,1.3148136018278649,77.68661461649229,7.01,5.95,HV,LA
4,17,alpha,-0.39195605511701537,12.348467789083845,7.01,5.95,HV,LA
4,17,beta,-0.49355723615887026,5.256832503692319,7.01,5.95,HV,LA
4,17,gamma,-0.3904209064694433,3.2743021158882426,7.01,5.95,HV,LA
4,18,delta,0.05519097074392465,1.6585616146129114,4.9,2.85,HV,LA
4,18,theta,3.8609739792034503,74.50115011378398,4.9,2.85,HV,LA
4,18,alpha,-1.1388483523694095,11.508272841211614,4.9,2.85,HV,LA
4,18,beta,-1.7970228408422795,7.650945912419319,4.9,2.85,HV,LA
4,18,gamma,-0.9783217710127983,4.676473607722896,4.9,2.85,HV,LA
4,19,delta,-0.0003815066521879462,1.147464393136876,7.09,6.22,HV,LA
4,19,theta,0.9675218220131256,78.74277355654831,7.09,6.22,HV,LA
4,19,alpha,-0.1028817666641082,12.793024468323715,7.09,6.22,HV,LA
4,19,beta,-0.5120213237211151,4.82808142705743,7.09,6.22,HV,LA
4,19,gamma,-0.3513957029820949,2.486046368325444,7.09,6.22,HV,LA
4,20,delta,0.0026107894213078797,0.798211902683987,8.17,8.05,HV,LA
4,20,theta,0.8461958388474216,76.66530274143594,8.17,8.05,HV,LA
4,20,alpha,0.21656834915336454,13.611186533658405,8.17,8.05,HV,LA
4,20,beta,-0.7421695717720356,6.109045571239433,8.17,8.05,HV,LA
4,20,gamma,-0.32354793800761295,2.812953274652268,8.17,8.05,HV,LA
4,21,delta,0.11857874002576185,2.219853877178802,1.77,2.06,LV,LA
4,21,theta,1.7319386658021898,71.46672966354936,1.77,2.06,LV,LA
4,21,alpha,-0.2861985401089644,9.20787416675046,1.77,2.06,LV,LA
4,21,beta,-1.038241007003963,8.30711070956919,1.77,2.06,LV,LA
4,21,gamma,-0.5250714118666391,8.786080546303022,1.77,2.06,LV,LA
4,22,delta,0.056691039316046465,1.8543980693698938,1.86,2.78,LV,LA
4,22,theta,1.2760281999847507,80.08457812064695,1.86,2.78,LV,LA
4,22,alpha,-0.6620044535581648,11.777575197241456,1.86,2.78,LV,LA
4,22,beta,-0.4391532565939098,4.256224224841554,1.86,2.78,LV,LA
4,22,gamma,-0.23014799949769693,2.023679763118537,1.86,2.78,LV,LA
4,23,delta,0.15346060932601802,1.0638375782299867,1.86,2.04,LV,LA
4,23,theta,2.6642245928927935,68.16300419010634,1.86,2.04,LV,LA
4,23,alpha,-0.12736575584061427,13.312492228057733,1.86,2.04,LV,LA
4,23,beta,-1.6688346520234179,9.459412068764665,1.86,2.04,LV,LA
4,23,gamma,-1.0215637259498873,7.992062337135353,1.86,2.04,LV,LA
4,24,delta,0.06376668972193356,1.5287024514841547,2.71,5.13,LV,LA
4,24,theta,1.7882097148547729,70.40722477061342,2.71,5.13,LV,LA
4,24,alpha,-0.0018941074866116736,12.428745291251253,2.71,5.13,LV,LA
4,24,beta,-1.1606655291764465,8.752097076474834,2.71,5.13,LV,LA
4,24,gamma,-0.6893707629192098,6.876808550589747,2.71,5.13,LV,LA
4,25,delta,0.09220558622077113,1.205768349736755,7.0,6.04,LV,LA
4,25,theta,1.0306652184527962,70.87352866697395,7.0,6.04,LV,LA
4,25,alpha,-0.14252751508595018,13.377689344622972,7.0,6.04,LV,LA
4,25,beta,-0.8076049259680014,8.719984064214657,7.0,6.04,LV,LA
4,25,gamma,-0.17282534254238158,5.815678469921767,7.0,6.04,LV,LA
4,26,delta,0.01804034146982314,1.2365651229390882,6.0,4.09,LV,LA
4,26,theta,0.40684303946217426,81.79111108185575,6.0,4.09,LV,LA
4,26,alpha,-0.07421705280118296,11.878906370557711,6.0,4.09,LV,LA
4,26,beta,-0.24702560498413995,3.5890659350263974,6.0,4.09,LV,LA
4,26,gamma,-0.10335251482553964,1.502632867466934,6.0,4.09,LV,LA
4,27,delta,-0.0061586946790253005,1.5857596061915618,6.14,6.13,LV,LA
4,27,theta,0.9107204016572865,78.26707528219188,6.14,6.13,LV,LA
4,27,alpha,-0.1266392123449993,13.385340202141332,6.14,6.13,LV,LA
4,27,beta,-0.5288714334779239,4.788454933950754,6.14,6.13,LV,LA
4,27,gamma,-0.2486877618413239,1.9707233359556988,6.14,6.13,LV,LA
4,28,delta,-0.007176354015912101,0.46392741340746146,2.17,6.96,LV,LA
4,28,theta,5.733069077099572,44.80162040865545,2.17,6.96,LV,LA
4,28,alpha,-1.767017473055546,10.801322251578892,2.17,6.96,LV,LA
4,28,beta,-3.43410831973517,21.786261254680774,2.17,6.96,LV,LA
4,28,gamma,-0.5252897961884333,22.115025795201895,2.17,6.96,LV,LA
4,29,delta,0.02253486773691571,0.9473625701064678,1.85,4.88,LV,LA
4,29,theta,0.6944958252810522,55.093742534818446,1.85,4.88,LV,LA
4,29,alpha,0.024241699994737687,14.636776384117482,1.85,4.88,LV,LA
4,29,beta,-1.3785120192020557,14.274328441873767,1.85,4.88,LV,LA
4,29,gamma,0.6377178724805788,15.030234140670407,1.85,4.88,LV,LA
4,30,delta,0.03397763388061681,1.7761638642199662,3.1,3.08,LV,LA
4,30,theta,1.0756984729799939,78.87533777946874,3.1,3.08,LV,LA
4,30,alpha,-0.4115164304617682,11.790424508956873,3.1,3.08,LV,LA
4,30,beta,-0.49601856176584036,4.564152782330396,3.1,3.08,LV,LA
4,30,gamma,-0.20191541643870314,2.9914546450855095,3.1,3.08,LV,LA
4,31,delta,-0.03487993148677104,0.7167674045729828,2.01,2.23,LV,HA
4,31,theta,0.46222594897299274,49.65829262887323,2.01,2.23,LV,HA
4,31,alpha,-0.5176938617800797,12.43732731452629,2.01,2.23,LV,HA
4,31,beta,-0.5698851534337646,14.11809446888474,2.01,2.23,LV,HA
4,31,gamma,0.6624658904905196,23.037392800710286,2.01,2.23,LV,HA
4,32,delta,0.033117107648784616,1.3227967959470872,1.01,6.15,LV,HA
4,32,theta,0.5864179221043315,82.49530013174669,1.01,6.15,LV,HA
4,32,alpha,-0.20644602932195433,10.242561192143892,1.01,6.15,LV,HA
4,32,beta,-0.26699248672236653,3.184513190367344,1.01,6.15,LV,HA
4,32,gamma,-0.14552001644107948,2.751028934438783,1.01,6.15,LV,HA
4,33,delta,0.051074400523881014,1.371316988334816,1.0,1.97,LV,HA
4,33,theta,1.0429031897216703,80.34654943348829,1.0,1.97,LV,HA
4,33,alpha,-0.4067339718046252,12.00728209922962,1.0,1.97,LV,HA
4,33,beta,-0.49393735507921077,3.915824704511003,1.0,1.97,LV,HA
4,33,gamma,-0.19349888632266832,2.3561417637045956,1.0,1.97,LV,HA
4,34,delta,0.02183993800319961,0.7584507678272239,2.17,2.18,LV,HA
4,34,theta,0.2777182449791269,80.78916981045967,2.17,2.18,LV,HA
4,34,alpha,-0.018957485937168173,9.723545157074085,2.17,2.18,LV,HA
4,34,beta,-0.1653894590946261,4.999016924324845,2.17,2.18,LV,HA
4,34,gamma,-0.11596157386756101,3.726465813693196,2.17,2.18,LV,HA
4,35,delta,0.060635472868674434,1.5713129223215625,2.03,2.88,LV,HA
4,35,theta,1.704638788719734,77.59063548459227,2.03,2.88,LV,HA
4,35,alpha,-0.5326424725023706,11.796281796084203,2.03,2.88,LV,HA
4,35,beta,-0.8798265005198371,5.439542285749604,2.03,2.88,LV,HA
4,35,gamma,-0.3521525020281806,3.5968980957532963,2.03,2.88,LV,HA
4,36,delta,0.053003063858478416,1.705394551908141,2.72,2.76,LV,HA
4,36,theta,1.82682373669563,50.8187556204831,2.72,2.76,LV,HA
4,36,alpha,-0.48946147473641766,9.215482537244291,2.72,2.76,LV,HA
4,36,beta,-1.0188517176508078,17.146980338528834,2.72,2.76,LV,HA
4,36,gamma,-0.3708328335043749,21.099303744663906,2.72,2.76,LV,HA
4,37,delta,0.020676682092425347,1.3454511183557114,1.0,1.0,LV,HA
4,37,theta,0.7582971964777414,67.43058293203799,1.0,1.0,LV,HA
4,37,alpha,-0.0797794692184084,14.181482259670355,1.0,1.0,LV,HA
4,37,beta,-0.6150253881361989,8.484452038713508,1.0,1.0,LV,HA
4,37,gamma,-0.08365997333625685,8.551200281082219,1.0,1.0,LV,HA
4,38,delta,0.0685309418026201,1.2036689195855759,1.79,1.85,LV,HA
4,38,theta,0.4355146946989805,69.6989931840028,1.79,1.85,LV,HA
4,38,alpha,-0.32616721054024644,13.642902955484242,1.79,1.85,LV,HA
4,38,beta,-0.3496222658977448,7.519421256797053,1.79,1.85,LV,HA
4,38,gamma,0.1709780286606719,7.925440617547235,1.79,1.85,LV,HA
4,39,delta,0.040035105403865456,0.748346015373164,1.92,2.96,LV,HA
4,39,theta,0.006738846627001749,64.6673317576286,1.92,2.96,LV,HA
4,39,alpha,-0.07027363863317504,14.507508601155745,1.92,2.96,LV,HA
4,39,beta,0.17076826134785072,10.470076966700956,1.92,2.96,LV,HA
4,39,gamma,-0.14776860620702337,9.596509385170075,1.92,2.96,LV,HA
4,40,delta,0.01025072239748892,0.8204583584751586,1.86,2.91,LV,HA
4,40,theta,0.8290213111386464,65.64097572179267,1.86,2.91,LV,HA
4,40,alpha,-0.04423125400888317,13.05864983506512,1.86,2.91,LV,HA
4,40,beta,-0.5806904668417605,9.706697663002867,1.86,2.91,LV,HA
4,40,gamma,-0.213666264519075,10.744477875195663,1.86,2.91,LV,HA
5,1,delta,0.594231195618452,1.119948153626046,6.97,4.9,HV,HA
5,1,theta,19.099604727772984,61.3582496551892,6.97,4.9,HV,HA
5,1,alpha,-3.2329289184582635,13.704005989706307,6.97,4.9,HV,HA
5,1,beta,-8.591653378644049,14.8160755730061,6.97,4.9,HV,HA
5,1,gamma,-7.856600991226327,8.993433300253233,6.97,4.9,HV,HA
5,2,delta,0.48390655681426076,0.8261942153557618,9.0,9.0,HV,HA
5,2,theta,23.268456725551253,49.890985271017186,9.0,9.0,HV,HA
5,2,alpha,-0.8659370461975495,13.138222077755703,9.0,9.0,HV,HA
5,2,beta,-11.0167590401836,18.87491770295951,9.0,9.0,HV,HA
5,2,gamma,-11.841917442035133,17.242346161670223,9.0,9.0,HV,HA
5,3,delta,0.4274122734105401,1.1756978056509677,4.95,4.88,HV,HA
5,3,theta,9.527041082845685,74.32189729315093,4.95,4.88,HV,HA
5,3,alpha,-3.246491766854536,14.04226452984171,4.95,4.88,HV,HA
5,3,beta,-3.6275004910586093,7.941211550979586,4.95,4.88,HV,HA
5,3,gamma,-3.0815521733396953,2.51588247764665,4.95,4.88,HV,HA
5,4,delta,0.23519254631114528,1.005905176594529,8.24,5.08,HV,HA
5,4,theta,16.498248665507376,62.22759909087294,8.24,5.08,HV,HA
5,4,alpha,-3.2642058421245608,14.459585183942966,8.24,5.08,HV,HA
5,4,beta,-7.800986998462552,14.26477219697903,8.24,5.08,HV,HA
5,4,gamma,-5.653196109510019,8.026641961237468,8.24,5.08,HV,HA
5,5,delta,0.26483184680415117,0.9614832009157634,3.04,4.01,HV,HA
5,5,theta,23.59513822240139,67.94890931446074,3.04,4.01,HV,HA
5,5,alpha,-3.5922579030271695,15.348638294985612,3.04,4.01,HV,HA
5,5,beta,-7.893060708811616,11.623014372936037,3.04,4.01,HV,HA
5,5,gamma,-12.36503958222934,4.11165835674254,3.04,4.01,HV,HA
5,6,delta,0.3565161756206161,1.2213248357255146,8.09,7.08,HV,HA
5,6,theta,17.382306893162855,67.10520581085527,8.09,7.08,HV,HA
5,6,alpha,-1.379972413142342,12.021395514763052,8.09,7.08,HV,HA
5,6,beta,-7.564487207891809,11.761480889366753,8.09,7.08,HV,HA
5,6,gamma,-8.772720899924437,7.879743120736414,8.09,7.08,HV,HA
5,7,delta,0.3525404914583322,0.8918691241195944,5.12,6.97,HV,HA
5,7,theta,12.536277118310991,60.0394985404221,5.12,6.97,HV,HA
5,7,alpha,-4.155427561916088,17.0587103295304,5.12,6.97,HV,HA
5,7,beta,-5.037083011692699,14.181591222801718,5.12,6.97,HV,HA
5,7,gamma,-3.6943525808220805,7.822502353143613,5.12,6.97,HV,HA
5,8,delta,0.8013491939448656,1.8205157240281846,8.17,5.91,HV,HA
5,8,theta,12.587452433924582,69.53371697950254,8.17,5.91,HV,HA
5,8,alpha,-2.0475376250808317,11.89082374999537,8.17,5.91,HV,HA
5,8,beta,-5.879080974743852,11.058067563652026,8.17,5.91,HV,HA
5,8,gamma,-5.455482655968105,5.688400868457709,8.17,5.91,HV,HA
5,9,delta,0.6527634457549141,1.1528433749544411,6.94,4.95,HV,HA
5,9,theta,17.60264302063255,68.03621040044102,6.94,4.95,HV,HA
5,9,alpha,-2.7297862461899154,12.636060166931145,6.94,4.95,HV,HA
5,9,beta,-8.940857507651732,11.13162680663813,6.94,4.95,HV,HA
5,9,gamma,-6.575008946763595,7.031778316106031,6.94,4.95,HV,HA
5,10,delta,0.6716363933793582,1.367747698668864,3.03,4.0,HV,HA
5,10,theta,11.163447799041492,73.65904187206314,3.03,4.0,HV,HA
5,10,alpha,-3.5135268941240234,12.942845126934817,3.03,4.0,HV,HA
5,10,beta,-5.183620740891614,8.991270000596042,3.03,4.0,HV,HA
5,10,gamma,-3.135607537919311,3.03497948107389,3.03,4.0,HV,HA
5,11,delta,0.3949143858373778,1.4857953526903063,9.0,6.0,HV,LA
5,11,theta,15.427419420212942,62.64141924436366,9.0,6.0,HV,LA
5,11,alpha,-2.183844169116405,14.284324978070778,9.0,6.0,HV,LA
5,11,beta,-6.831677735279682,13.603936799479225,9.0,6.0,HV,LA
5,11,gamma,-6.804186137997723,7.977693756387028,9.0,6.0,HV,LA
5,12,delta,0.5705751218755691,1.1362323475357936,7.08,4.03,HV,LA
5,12,theta,23.217001743578138,61.85304730927118,7.08,4.03,HV,LA
5,12,alpha,-0.8801955926964613,14.614159895591829,7.08,4.03,HV,LA
5,12,beta,-12.348890825518263,13.897660561262363,7.08,4.03,HV,LA
5,12,gamma,-10.549329383273754,8.489688320288302,7.08,4.03,HV,LA
5,13,delta,0.3170176210525623,0.7911025076983679,4.94,2.88,HV,LA
5,13,theta,22.78116309230758,68.99122831692486,4.94,2.88,HV,LA
5,13,alpha,-3.425974380388496,12.77121736296303,4.94,2.88,HV,LA
5,13,beta,-8.575078994641114,12.087712108831536,4.94,2.88,HV,LA
5,13,gamma,-11.066836775744369,5.348294278486451,4.94,2.88,HV,LA
5,14,delta,0.2983152026896878,0.9308837952301794,7.21,4.01,HV,LA
5,14,theta,12.409644177563337,69.72607611843694,7.21,4.01,HV,LA
5,14,alpha,-5.579369188208824,15.958279029920114,7.21,4.01,HV,LA
5,14,beta,-5.409786126285835,10.412526048902794,7.21,4.01,HV,LA
5,14,gamma,-1.7165781654336856,2.96809590351117,7.21,4.01,HV,LA
5,15,delta,0.10772021265630394,1.1500607889406247,6.97,6.05,HV,LA
5,15,theta,6.129101842560203,75.26870758480351,6.97,6.05,HV,LA
5,15,alpha,-2.666145509735884,13.549722587835106,6.97,6.05,HV,LA
5,15,beta,-2.310954913651237,7.49813589546953,6.97,6.05,HV,LA
5,15,gamma,-1.2570543541613808,2.5295652990887225,6.97,6.05,HV,LA
5,16,delta,-0.16614056719890757,1.6821766513783936,5.96,5.04,HV,LA
5,16,theta,2.6844689718721213,79.75912351431293,5.96,5.04,HV,LA
5,16,alpha,0.1247174809484548,9.601311152367261,5.96,5.04,HV,LA
5,16,beta,-2.0001974813295575,6.80436656484503,5.96,5.04,HV,LA
5,16,gamma,-0.6445957168931309,2.149756509247241,5.96,5.04,HV,LA
5,17,delta,0.35494439862972493,1.3826787874223725,6.88,2.96,HV,LA
5,17,theta,10.239550494013102,76.37294194536824,6.88,2.96,HV,LA
5,17,alpha,-3.8957473552004362,11.606884040891423,6.88,2.96,HV,LA
5,17,beta,-3.842938885605144,7.951351759994425,6.88,2.96,HV,LA
5,17,gamma,-2.8518228064045275,2.6829110014286583,6.88,2.96,HV,LA
5,18,delta,0.7108395102682261,1.3082814570555694,8.05,3.97,HV,LA
5,18,theta,21.673940533049617,61.57029910792596,8.05,3.97,HV,LA
5,18,alpha,-3.3543982256641076,12.469657196292374,8.05,3.97,HV,LA
5,18,beta,-8.76171309774024,13.822289615614421,8.05,3.97,HV,LA
5,18,gamma,-10.242620679907578,10.812704184948707,8.05,3.97,HV,LA
5,19,delta,0.2620266992096554,0.845875042468137,8.03,4.97,HV,LA
5,19,theta,18.45582087793825,66.00575775139403,8.03,4.97,HV,LA
5,19,alpha,-2.931227145631045,14.777014696802535,8.03,4.97,HV,LA
5,19,beta,-8.8871463741943,11.844754094298995,8.03,4.97,HV,LA
5,19,gamma,-6.887342332436693,6.515651815911771,8.03,4.97,HV,LA
5,20,delta,0.44226307601893566,1.615047436539658,7.0,1.99,HV,LA
5,20,theta,13.17033948968168,66.57893093633966,7.0,1.99,HV,LA
5,20,alpha,-1.6253918974573285,15.181904226194769,7.0,1.99,HV,LA
5,20,beta,-7.245474068726281,12.056913721664962,7.0,1.99,HV,LA
5,20,gamma,-4.730267578569449,4.55986634618752,7.0,1.99,HV,LA
5,21,delta,0.6559552949937036,1.320023936605133,4.0,2.87,LV,LA
5,21,theta,13.962695729168146,74.30531907755298,4.0,2.87,LV,LA
5,21,alpha,-4.025493036187243,10.97705392707059,4.0,2.87,LV,LA
5,21,beta,-6.5398305173535665,9.915156023279579,4.0,2.87,LV,LA
5,21,gamma,-4.046583114143302,3.4762037560458667,4.0,2.87,LV,LA
5,22,delta,0.2525672593322603,1.077035643376739,6.99,7.95,LV,LA
5,22,theta,11.934163952613375,73.24820967081092,6.99,7.95,LV,LA
5,22,alpha,-2.6608551661405855,13.545106659071022,6.99,7.95,LV,LA
5,22,beta,-6.032314878628184,8.873442561641845,6.99,7.95,LV,LA
5,22,gamma,-3.4957330004712763,3.251831877880019,6.99,7.95,LV,LA
5,23,delta,0.7323754412334831,1.2291578615039098,1.0,7.05,LV,LA
5,23,theta,26.987106779467993,63.14590431267976,1.0,7.05,LV,LA
5,23,alpha,-0.5187237062765302,11.951502699542953,1.0,7.05,LV,LA
5,23,beta,-10.835379486647177,15.003372770190536,1.0,7.05,LV,LA
5,23,gamma,-16.377649044389415,8.65611098914768,1.0,7.05,LV,LA
5,24,delta,0.3805190834918668,1.3091442089312508,4.0,5.04,LV,LA
5,24,theta,10.428529585610619,74.53809249251694,4.0,5.04,LV,LA
5,24,alpha,-3.8839647801861297,13.34136140844973,4.0,5.04,LV,LA
5,24,beta,-4.71809794298769,8.32378527855363,4.0,5.04,LV,LA
5,24,gamma,-2.2033435182793224,2.482124729355053,4.0,5.04,LV,LA
5,25,delta,0.6378065497297014,1.3090767305246545,5.96,4.87,LV,LA
5,25,theta,18.01201502312224,68.42875466739933,5.96,4.87,LV,LA
5,25,alpha,-3.375696785294627,10.586020058709975,5.96,4.87,LV,LA
5,25,beta,-8.783660217171963,12.48866304829242,5.96,4.87,LV,LA
5,25,gamma,-6.478746881373478,7.180819270550313,5.96,4.87,LV,LA
5,26,delta,0.5235588248082944,0.9665577619176767,7.96,3.0,LV,LA
5,26,theta,22.625424456256873,66.37346813802435,7.96,3.0,LV,LA
5,26,alpha,-2.38064267894911,12.290869442918982,7.96,3.0,LV,LA
5,26,beta,-9.730285094014024,12.699867454361165,7.96,3.0,LV,LA
5,26,gamma,-11.011765618340473,7.661425390167344,7.96,3.0,LV,LA
5,27,delta,0.31086610447254515,1.3742607807785965,7.0,1.99,LV,LA
5,27,theta,19.81372245366874,67.62179644697713,7.0,1.99,LV,LA
5,27,alpha,-3.3963259471849803,14.70459570748364,7.0,1.99,LV,LA
5,27,beta,-9.111397925414416,11.220385265369096,7.0,1.99,LV,LA
5,27,gamma,-7.598698658928512,5.068761340417573,7.0,1.99,LV,LA
5,28,delta,0.8941890789564783,1.3752697172997757,3.9,4.08,LV,LA
5,28,theta,27.0294567822747,62.87451715314856,3.9,4.08,LV,LA
5,28,alpha,-4.185773190672657,10.202244370605783,3.9,4.08,LV,LA
5,28,beta,-12.72283367234504,14.295518206379784,3.9,4.08,LV,LA
5,28,gamma,-10.995742579920567,11.242313395816872,3.9,4.08,LV,LA
5,29,delta,0.2568001340027182,1.3811951979259478,4.04,3.01,LV,LA
5,29,theta,9.338486860185512,77.9387823324662,4.04,3.01,LV,LA
5,29,alpha,-2.6046559668880658,11.595382588251143,4.04,3.01,LV,LA
5,29,beta,-4.542619677846421,6.8718296618489125,4.04,3.01,LV,LA
5,29,gamma,-2.4403297755809916,2.2107906555443844,4.04,3.01,LV,LA
5,30,delta,0.3934354927135538,1.0212548210676868,2.94,8.1,LV,LA
5,30,theta,18.076747877386865,65.08520349228556,2.94,8.1,LV,LA
5,30,alpha,-3.1030734282523937,13.734110206132009,2.94,8.1,LV,LA
5,30,beta,-9.384995457538913,14.743844639150328,2.94,8.1,LV,LA
5,30,gamma,-5.9723842835975764,5.407115321140866,2.94,8.1,LV,LA
5,31,delta,0.2912552517880379,0.7673362082815522,6.9,6.04,LV,HA
5,31,theta,20.794318606026188,64.15906826905618,6.9,6.04,LV,HA
5,31,alpha,-1.8044341916290385,11.999848250559735,6.9,6.04,LV,HA
5,31,beta,-9.272875568151534,13.235220941617767,6.9,6.04,LV,HA
5,31,gamma,-9.998390536121764,9.830669091065799,6.9,6.04,LV,HA
5,32,delta,0.6779708030885215,1.259575959455587,1.94,4.12,LV,HA
5,32,theta,12.92886070676266,47.57253692714111,1.94,4.12,LV,HA
5,32,alpha,-4.293463049917577,12.625606791312576,1.94,4.12,LV,HA
5,32,beta,-8.009379181997033,21.355089489262483,1.94,4.12,LV,HA
5,32,gamma,-1.4654276687041374,17.162981153955013,1.94,4.12,LV,HA
5,33,delta,0.5854911371460434,0.9438657007904023,5.17,9.0,LV,HA
5,33,theta,19.212402062890412,67.20238204700836,5.17,9.0,LV,HA
5,33,alpha,-2.232388491050793,13.653969543982555,5.17,9.0,LV,HA
5,33,beta,-8.369491551822977,11.716149488009833,5.17,9.0,LV,HA
5,33,gamma,-9.183231051275769,6.474577825560743,5.17,9.0,LV,HA
5,34,delta,0.3614676704768612,1.02806676559174,6.03,6.97,LV,HA
5,34,theta,16.966113943889575,57.42323503565014,6.03,6.97,LV,HA
5,34,alpha,-2.6349570661067663,10.077543405863135,6.03,6.97,LV,HA
5,34,beta,-6.041307817394642,19.0988118784988,6.03,6.97,LV,HA
5,34,gamma,-8.62775005061739,12.335596757496742,6.03,6.97,LV,HA
5,35,delta,-0.20508423569366374,1.366154297926983,4.86,8.1,LV,HA
5,35,theta,7.639774053500005,74.4948533656204,4.86,8.1,LV,HA
5,35,alpha,-1.980597247704548,11.892375530303593,4.86,8.1,LV,HA
5,35,beta,-4.147853082291847,9.249064519668366,4.86,8.1,LV,HA
5,35,gamma,-1.305036225325622,2.9950704671084676,4.86,8.1,LV,HA
5,36,delta,0.6379932144581114,0.9410932399330257,4.91,9.0,LV,HA
5,36,theta,40.12643351691817,54.10613716710215,4.91,9.0,LV,HA
5,36,alpha,2.0623250137595175,13.861659524573104,4.91,9.0,LV,HA
5,36,beta,-25.641356616370548,17.754251831217864,4.91,9.0,LV,HA
5,36,gamma,-17.19068436622808,13.309763219104171,4.91,9.0,LV,HA
5,37,delta,0.4642571869547204,0.836686886489469,1.91,7.01,LV,HA
5,37,theta,16.064438671413356,57.948065301180165,1.91,7.01,LV,HA
5,37,alpha,-4.180705610858604,17.568312520109956,1.91,7.01,LV,HA
5,37,beta,-8.097969176557081,18.0779367870159,1.91,7.01,LV,HA
5,37,gamma,-4.243315135639994,5.560311012097493,1.91,7.01,LV,HA
5,38,delta,0.4938979019082077,1.6996398094012704,1.0,3.91,LV,HA
5,38,theta,10.816377796371562,59.55766674430177,1.0,3.91,LV,HA
5,38,alpha,-2.2640422477712026,15.6106111009213,1.0,3.91,LV,HA
5,38,beta,-5.216555311113774,14.610808164226004,1.0,3.91,LV,HA
5,38,gamma,-3.8255605186874515,8.508642855235234,1.0,3.91,LV,HA
5,39,delta,0.2889319772416723,1.1852426041861255,1.0,4.86,LV,HA
5,39,theta,18.777221070298992,68.97324215065257,1.0,4.86,LV,HA
5,39,alpha,-2.392393518891991,10.926528847097028,1.0,4.86,LV,HA
5,39,beta,-9.030414487960535,12.778887468971064,1.0,4.86,LV,HA
5,39,gamma,-7.632388622139636,6.125824492619775,1.0,4.86,LV,HA
5,40,delta,0.340643311009575,0.9294754817505623,7.0,6.96,LV,HA
5,40,theta,12.678077766811654,67.97365580847392,7.0,6.96,LV,HA
5,40,alpha,-2.571525291126612,13.879781414089665,7.0,6.96,LV,HA
5,40,beta,-6.9083755506257845,12.702632426834022,7.0,6.96,LV,HA
5,40,gamma,-3.530996969804684,4.5068266422354935,7.0,6.96,LV,HA
6,1,delta,-0.2030812084241146,0.32074623663385077,8.19,4.13,HV,HA
6,1,theta,6.259464117137085,29.82987594947349,8.19,4.13,HV,HA
6,1,alpha,-17.541897916292573,38.59567261585992,8.19,4.13,HV,HA
6,1,beta,4.952154491001817,20.568900737874536,8.19,4.13,HV,HA
6,1,gamma,6.522995423523721,10.671059628593628,8.19,4.13,HV,HA
6,2,delta,-0.019633959138598944,0.29593582599360946,6.83,6.62,HV,HA
6,2,theta,5.979521008354787,29.91862563124247,6.83,6.62,HV,HA
6,2,alpha,-18.324600677174104,32.27373955694732,6.83,6.62,HV,HA
6,2,beta,6.462628247885078,23.975004316673832,6.83,6.62,HV,HA
6,2,gamma,5.896038888630219,13.51700291713573,6.83,6.62,HV,HA
6,3,delta,-0.34161255198382906,0.49351326327568046,7.69,5.99,HV,HA
6,3,theta,-2.7489180685375985,40.21305318246523,7.69,5.99,HV,HA
6,3,alpha,-5.138258215960047,27.459813569846546,7.69,5.99,HV,HA
6,3,beta,5.539891645006925,20.565269793344626,7.69,5.99,HV,HA
6,3,gamma,2.686394493461539,11.253789610472879,7.69,5.99,HV,HA
6,4,delta,-0.0747010785778166,0.3390251312389104,7.55,6.79,HV,HA
6,4,theta,2.6028703903638615,33.14719259813837,7.55,6.79,HV,HA
6,4,alpha,-19.83394207015104,32.41677955556535,7.55,6.79,HV,HA
6,4,beta,9.345759985951645,22.624573345254955,7.55,6.79,HV,HA
6,4,gamma,7.9478536908927975,11.458872161758377,7.55,6.79,HV,HA
6,5,delta,0.005239286323735104,0.31769898475343994,7.01,7.38,HV,HA
6,5,theta,-6.281263216854615,29.18987490369753,7.01,7.38,HV,HA
6,5,alpha,-12.549405474586205,25.947211780772918,7.01,7.38,HV,HA
6,5,beta,6.554415743779593,25.587533012396413,7.01,7.38,HV,HA
6,5,gamma,12.246974124917813,18.92200593731763,7.01,7.38,HV,HA
6,6,delta,0.26942130058213576,0.2418537050855582,8.05,4.5,HV,HA
6,6,theta,14.009307976741933,29.743525803137125,8.05,4.5,HV,HA
6,6,alpha,-21.655159599904852,40.046349340790485,8.05,4.5,HV,HA
6,6,beta,3.2555092696993526,20.845510472301594,8.05,4.5,HV,HA
6,6,gamma,4.123590035540321,9.111595195725581,8.05,4.5,HV,HA
6,7,delta,-0.4175279316798236,0.7505398039293103,8.26,8.27,HV,HA
6,7,theta,-6.319047961603339,37.57555761166816,8.26,8.27,HV,HA
6,7,alpha,-10.10677270022678,24.929765071380153,8.26,8.27,HV,HA
6,7,beta,6.061855884370129,20.574218098299074,8.26,8.27,HV,HA
6,7,gamma,10.770845770231947,16.14154645430405,8.26,8.27,HV,HA
6,8,delta,-0.019384108494094165,0.3271254353478405,7.05,2.69,HV,HA
6,8,theta,1.7522858673422377,31.828764753506004,7.05,2.69,HV,HA
6,8,alpha,-11.018439873601988,39.590476560361324,7.05,2.69,HV,HA
6,8,beta,3.1293735856556033,19.319217888214975,7.05,2.69,HV,HA
6,8,gamma,6.156962356409295,8.922273920148465,7.05,2.69,HV,HA
6,9,delta,-0.2653635034169832,0.5129867088847215,7.87,5.13,HV,HA
6,9,theta,1.5386621886560334,33.817537586373085,7.87,5.13,HV,HA
6,9,alpha,-19.860368665838017,33.980502407166256,7.87,5.13,HV,HA
6,9,beta,7.554556591876381,20.445112874194542,7.87,5.13,HV,HA
6,9,gamma,11.015924598914014,11.22670243559087,7.87,5.13,HV,HA
6,10,delta,0.42347475767451803,0.40085296576200236,7.37,5.46,HV,HA
6,10,theta,5.806193164550578,35.75069401483729,7.37,5.46,HV,HA
6,10,alpha,-10.743788096144588,34.41772198812499,7.37,5.46,HV,HA
6,10,beta,2.07754464125518,20.546214084953718,7.37,5.46,HV,HA
6,10,gamma,2.4320350433275184,8.869136149599589,7.37,5.46,HV,HA
6,11,delta,-0.0074912420763352805,0.3836726667210627,4.99,2.5,HV,LA
6,11,theta,3.401096992697127,28.745903293383673,4.99,2.5,HV,LA
6,11,alpha,-26.537739517068857,36.345010264134615,4.99,2.5,HV,LA
6,11,beta,11.417065029229317,21.79171660706751,4.99,2.5,HV,LA
6,11,gamma,11.71401853907533,12.711717983813404,4.99,2.5,HV,LA
6,12,delta,-0.2009517433063298,0.5487833480537204,7.17,3.12,HV,LA
6,12,theta,1.2279125601915482,37.88437593056233,7.17,3.12,HV,LA
6,12,alpha,-12.050288744284913,32.13498252454376,7.17,3.12,HV,LA
6,12,beta,7.658135975920981,18.771335379875318,7.17,3.12,HV,LA
6,12,gamma,3.3586007244013114,10.643854200565624,7.17,3.12,HV,LA
6,13,delta,-0.059137157722706335,0.3646001628123059,7.79,3.95,HV,LA
6,13,theta,5.841009880513603,35.447313371994674,7.79,3.95,HV,LA
6,13,alpha,-20.929783344930474,39.17769144536524,7.79,3.95,HV,LA
6,13,beta,9.771515071885291,17.62074708069325,7.79,3.95,HV,LA
6,13,gamma,5.372874633006363,7.378605519544134,7.79,3.95,HV,LA
6,14,delta,0.24502873816781023,0.17248106767617638,6.32,3.49,HV,LA
6,14,theta,12.79676991970176,21.00690462639372,6.32,3.49,HV,LA
6,14,alpha,-33.007697503223795,52.68660973491687,6.32,3.49,HV,LA
6,14,beta,10.853162995787208,17.231190915661216,6.32,3.49,HV,LA
6,14,gamma,9.103114641388444,8.892792042589143,6.32,3.49,HV,LA
6,15,delta,-0.3974987508882096,0.4948542574446814,5.59,3.79,HV,LA
6,15,theta,3.08547818730748,37.66656788533042,5.59,3.79,HV,LA
6,15,alpha,-16.035552871780354,33.52819683621682,5.59,3.79,HV,LA
6,15,beta,6.90258326694606,18.259191311400755,5.59,3.79,HV,LA
6,15,gamma,6.435610058603599,10.029289904604655,5.59,3.79,HV,LA
6,16,delta,-0.10654775890168477,0.34922628988002735,5.06,7.45,HV,LA
6,16,theta,4.3950406418265615,27.46135569389223,5.06,7.45,HV,LA
6,16,alpha,-14.55330239905254,37.89754657957403,5.06,7.45,HV,LA
6,16,beta,5.172824878616808,22.628868719479144,5.06,7.45,HV,LA
6,16,gamma,5.077334246200101,11.643275376765065,5.06,7.45,HV,LA
6,17,delta,-0.14058463769458412,0.3238876458480837,6.72,3.63,HV,LA
6,17,theta,16.161973588957736,36.96455609687938,6.72,3.63,HV,LA
6,17,alpha,-19.12921706562035,38.82821399376637,6.72,3.63,HV,LA
6,17,beta,2.2372068013105633,15.684073098473071,6.72,3.63,HV,LA
6,17,gamma,0.87030232309246,8.189220483228466,6.72,3.63,HV,LA
6,18,delta,0.01117776187257874,0.3269237958662344,7.59,5.81,HV,LA
6,18,theta,-2.424504636107649,28.6724861474678,7.59,5.81,HV,LA
6,18,alpha,-20.182368788942778,34.43661488816668,7.59,5.81,HV,LA
6,18,beta,9.728409281914345,22.912715630343456,7.59,5.81,HV,LA
6,18,gamma,12.840280524319503,13.63596880397252,7.59,5.81,HV,LA
6,19,delta,0.029387173743136985,0.2529082534151772,7.41,5.6,HV,LA
6,19,theta,3.393947923553064,31.086902570264208,7.41,5.6,HV,LA
6,19,alpha,-19.010087214619592,40.41041525949099,7.41,5.6,HV,LA
6,19,beta,8.158220214282101,18.20263018712751,7.41,5.6,HV,LA
6,19,gamma,7.424602376901434,10.034163336713906,7.41,5.6,HV,LA
6,20,delta,0.023059530437472997,0.28171045273714723,5.01,3.05,HV,LA
6,20,theta,5.347742566957415,25.997751219899868,5.01,3.05,HV,LA
6,20,alpha,-23.404012677910398,36.823686078082375,5.01,3.05,HV,LA
6,20,beta,7.459468869754524,22.774935352889873,5.01,3.05,HV,LA
6,20,gamma,10.566790001883994,14.107099815886762,5.01,3.05,HV,LA
6,21,delta,0.07208340960031862,0.36225234003011814,6.28,4.59,LV,LA
6,21,theta,1.825513955429244,25.22321424312303,6.28,4.59,LV,LA
6,21,alpha,-16.76313614158862,37.36877957911501,6.28,4.59,LV,LA
6,21,beta,9.862710074844529,24.36729590900133,6.28,4.59,LV,LA
6,21,gamma,4.995009291913881,12.659369638262918,6.28,4.59,LV,LA
6,22,delta,0.15252115148555012,0.2362249969599705,7.56,3.19,LV,LA
6,22,theta,16.1484109270916,24.78571665034047,7.56,3.19,LV,LA
6,22,alpha,-33.00059465748483,44.95363794390862,7.56,3.19,LV,LA
6,22,beta,11.317978302173804,20.310774632558314,7.56,3.19,LV,LA
6,22,gamma,5.374274268317487,9.697073590730929,7.56,3.19,LV,LA
6,23,delta,0.1811366572466679,0.2406305893595866,3.47,3.54,LV,LA
6,23,theta,8.178975690073663,26.608427747597617,3.47,3.54,LV,LA
6,23,alpha,-30.510545329125037,42.315656283944854,3.47,3.54,LV,LA
6,23,beta,13.15228014947667,20.5599814764453,3.47,3.54,LV,LA
6,23,gamma,8.986026438651043,10.260138062321703,3.47,3.54,LV,LA
6,24,delta,0.1481285674779093,0.32109347145938255,3.5,4.01,LV,LA
6,24,theta,16.335127526921564,26.065141376542904,3.5,4.01,LV,LA
6,24,alpha,-33.836233890744,48.80252505758898,3.5,4.01,LV,LA
6,24,beta,10.73315085778726,16.108942864147668,3.5,4.01,LV,LA
6,24,gamma,6.614742701755927,8.687293547324538,3.5,4.01,LV,LA
6,25,delta,0.02251605329466866,0.26704979478005425,7.09,6.42,LV,LA
6,25,theta,15.212812836516157,25.901350487063127,7.09,6.42,LV,LA
6,25,alpha,-34.67058766156865,47.67021437357376,7.09,6.42,LV,LA
6,25,beta,9.648238095086873,17.95009362299548,7.09,6.42,LV,LA
6,25,gamma,9.763984550222727,8.199827668066728,7.09,6.42,LV,LA
6,26,delta,0.14107222430922914,0.11192789097775954,5.08,3.37,LV,LA
6,26,theta,17.643272136318025,16.82059073323899,5.08,3.37,LV,LA
6,26,alpha,-29.55202957017086,58.081783441429074,5.08,3.37,LV,LA
6,26,beta,8.441905197946033,16.24684492719595,5.08,3.37,LV,LA
6,26,gamma,3.3214524475609393,8.722285632716195,5.08,3.37,LV,LA
6,27,delta,0.26750657387424404,0.2443824649966087,5.08,3.47,LV,LA
6,27,theta,8.877914359489836,27.824434082466308,5.08,3.47,LV,LA
6,27,alpha,-20.718111319571612,39.38507383624496,5.08,3.47,LV,LA
6,27,beta,7.778296395716609,21.227095486975042,5.08,3.47,LV,LA
6,27,gamma,3.791792946444052,11.303229919059172,5.08,3.47,LV,LA
6,28,delta,-0.10234751915503626,0.3875056531066078,6.42,3.62,LV,LA
6,28,theta,10.3407143491571,29.139131595048976,6.42,3.62,LV,LA
6,28,alpha,-18.628897047540217,37.158142766099886,6.42,3.62,LV,LA
6,28,beta,5.056896069051007,22.3637726388028,6.42,3.62,LV,LA
6,28,gamma,3.330655919189592,10.934654657835054,6.42,3.62,LV,LA
6,29,delta,0.4077536181834357,0.2185537125953608,4.27,5.45,LV,LA
6,29,theta,29.951014744051708,24.40829718103072,4.27,5.45,LV,LA
6,29,alpha,-37.00085183081595,47.5365614921012,4.27,5.45,LV,LA
6,29,beta,3.8461079170461296,18.24542683889792,4.27,5.45,LV,LA
6,29,gamma,2.7906076787726226,9.578345458403692,4.27,5.45,LV,LA
6,30,delta,0.05239913958886294,0.20171871042142833,6.99,3.79,LV,LA
6,30,theta,5.759744005124194,24.30370194897303,6.99,3.79,LV,LA
6,30,alpha,-17.629582433211603,33.452437319239664,6.99,3.79,LV,LA
6,30,beta,6.864257474372508,27.516956526082144,6.99,3.79,LV,LA
6,30,gamma,4.950496526019956,14.511302906127273,6.99,3.79,LV,LA
6,31,delta,-0.14671897843022547,0.19448592677117088,3.65,3.49,LV,HA
6,31,theta,-0.655283951541449,23.077870002524193,3.65,3.49,LV,HA
6,31,alpha,-18.406051722873055,33.39466214424209,3.65,3.49,LV,HA
6,31,beta,7.340843478320437,25.727288120074576,3.65,3.49,LV,HA
6,31,gamma,11.851047173939381,17.58699677001489,3.65,3.49,LV,HA
6,32,delta,-0.19176473541457872,0.2581526000802715,6.99,4.5,LV,HA
6,32,theta,4.867993096837491,25.516036600647162,6.99,4.5,LV,HA
6,32,alpha,-17.01432358337036,32.22556628659677,6.99,4.5,LV,HA
6,32,beta,4.081346705460032,26.22730595068169,6.99,4.5,LV,HA
6,32,gamma,8.251829983120373,15.747876355062928,6.99,4.5,LV,HA
6,33,delta,-0.12187144048013165,0.1845657810798882,6.68,4.37,LV,HA
6,33,theta,16.34788706617414,21.923458906292623,6.68,4.37,LV,HA
6,33,alpha,-22.342277761964255,39.55188723795381,6.68,4.37,LV,HA
6,33,beta,2.600712256586281,25.064436423540336,6.68,4.37,LV,HA
6,33,gamma,3.515017245252521,13.256076415750037,6.68,4.37,LV,HA
6,34,delta,-0.3864416061948045,0.9028889484559565,3.31,4.45,LV,HA
6,34,theta,-6.518745685498686,30.994206704823554,3.31,4.45,LV,HA
6,34,alpha,-5.336954817071124,30.332442275839522,3.31,4.45,LV,HA
6,34,beta,7.915572851106475,23.84107833580984,3.31,4.45,LV,HA
6,34,gamma,4.321306019406093,13.913488251619624,3.31,4.45,LV,HA
6,35,delta,0.22339905671369145,0.27370401572458114,3.96,5.71,LV,HA
6,35,theta,10.658251925481718,23.865791193108585,3.96,5.71,LV,HA
6,35,alpha,-25.934495250118683,40.40573489939827,3.96,5.71,LV,HA
6,35,beta,6.862630790775022,23.95208663827905,3.96,5.71,LV,HA
6,35,gamma,8.17786791303839,11.482988356305313,3.96,5.71,LV,HA
6,36,delta,-0.1859742814025913,0.29333664125747433,5.71,6.21,LV,HA
6,36,theta,9.435616886030392,24.671096606258182,5.71,6.21,LV,HA
6,36,alpha,-19.98661288757785,41.29641976536169,5.71,6.21,LV,HA
6,36,beta,7.211629186247931,21.666045969611318,5.71,6.21,LV,HA
6,36,gamma,3.524837313688616,12.059926380193765,5.71,6.21,LV,HA
6,37,delta,0.059047387517745575,0.35215443919471634,4.83,5.74,LV,HA
6,37,theta,9.195357344187808,28.436628754389613,4.83,5.74,LV,HA
6,37,alpha,-19.141340440611966,41.31473221222389,4.83,5.74,LV,HA
6,37,beta,5.4319622434887975,20.273203174082738,4.83,5.74,LV,HA
6,37,gamma,4.442420230927951,9.603740973027094,4.83,5.74,LV,HA
6,38,delta,0.02928535152590947,0.2488509346076977,4.44,5.58,LV,HA
6,38,theta,0.3686109894027716,23.620361575627825,4.44,5.58,LV,HA
6,38,alpha,-11.161036466723731,27.784657955224077,4.44,5.58,LV,HA
6,38,beta,3.116031722310307,26.805105629804714,4.44,5.58,LV,HA
6,38,gamma,7.647489444601433,21.52070692880995,4.44,5.58,LV,HA
6,39,delta,-0.16763404098906692,0.5359095696285094,6.56,6.5,LV,HA
6,39,theta,1.960320826116181,31.152911350545125,6.56,6.5,LV,HA
6,39,alpha,-24.440997326426398,34.29754064561068,6.56,6.5,LV,HA
6,39,beta,12.258043744255229,21.49050316091882,6.56,6.5,LV,HA
6,39,gamma,10.380784335843906,12.50409086368461,6.56,6.5,LV,HA
6,40,delta,0.017689830959529806,0.46025577714694366,4.85,4.64,LV,HA
6,40,theta,5.187386050185772,31.729432494829062,4.85,4.64,LV,HA
6,40,alpha,-21.557107173192772,37.39288267395639,4.85,4.64,LV,HA
6,40,beta,7.24748272709196,20.122388641152142,4.85,4.64,LV,HA
6,40,gamma,9.092880644516196,10.278914642539988,4.85,4.64,LV,HA
7,1,delta,-0.38146718003060465,0.5043117060902226,8.1,4.01,HV,HA
7,1,theta,-14.026528261557747,33.800107166079485,8.1,4.01,HV,HA
7,1,alpha,4.814753601273598,32.070053792114884,8.1,4.01,HV,HA
7,1,beta,6.186816752102139,21.125550902449596,8.1,4.01,HV,HA
7,1,gamma,3.401505548805517,12.477623465058805,8.1,4.01,HV,HA
7,2,delta,-0.025585011967876173,0.20082724274968747,7.15,5.96,HV,HA
7,2,theta,-6.298091394175007,22.324307952851672,7.15,5.96,HV,HA
7,2,alpha,1.479590501964843,27.3342627674352,7.15,5.96,HV,HA
7,2,beta,3.9437764887563063,28.10511171529331,7.15,5.96,HV,HA
7,2,gamma,0.902478591475802,21.999320800387842,7.15,5.96,HV,HA
7,3,delta,-0.16594875522627875,0.31743129677165105,7.1,4.12,HV,HA
7,3,theta,-2.4633158335047334,27.544874635830595,7.1,4.12,HV,HA
7,3,alpha,-0.36764435687365093,28.74902806955756,7.1,4.12,HV,HA
7,3,beta,5.392017470505216,25.639663948008263,7.1,4.12,HV,HA
7,3,gamma,-2.392130910806788,17.718034803937442,7.1,4.12,HV,HA
7,4,delta,-0.012828011934749028,0.19217733160777412,7.08,5.03,HV,HA
7,4,theta,-4.477882874621194,25.000363381117133,7.08,5.03,HV,HA
7,4,alpha,3.1791868678605795,23.914530707744806,7.08,5.03,HV,HA
7,4,beta,6.274837417057739,28.143588631053426,7.08,5.03,HV,HA
7,4,gamma,-4.958928729080494,22.713293089855917,7.08,5.03,HV,HA
7,5,delta,-0.03964045742014613,0.22676816696251484,7.05,6.99,HV,HA
7,5,theta,1.0832711734660911,30.30456182087147,7.05,6.99,HV,HA
7,5,alpha,3.144540163567733,31.586143708866103,7.05,6.99,HV,HA
7,5,beta,-0.729444737924684,23.059419727275507,7.05,6.99,HV,HA
7,5,gamma,-3.443201611236578,14.800165176834202,7.05,6.99,HV,HA
7,6,delta,-0.0835237581278205,0.22458578616195668,6.97,6.04,HV,HA
7,6,theta,-12.070303933252568,30.329076682126292,6.97,6.04,HV,HA
7,6,alpha,0.9169981308235791,30.69594993903803,6.97,6.04,HV,HA
7,6,beta,3.4206269864305696,24.487193735999618,6.97,6.04,HV,HA
7,6,gamma,7.81518334461644,14.242625907644879,6.97,6.04,HV,HA
7,7,delta,0.008458140441806039,0.23895787923257378,7.08,7.06,HV,HA
7,7,theta,-8.159366047685264,26.71872437790087,7.08,7.06,HV,HA
7,7,alpha,6.078257758889595,24.970430835086745,7.08,7.06,HV,HA
7,7,beta,5.2481695174390275,27.00023182105197,7.08,7.06,HV,HA
7,7,gamma,-3.175909727698837,21.031833456509332,7.08,7.06,HV,HA
7,8,delta,-0.03020365679822362,0.29284850299894216,7.0,5.99,HV,HA
7,8,theta,-4.718283419157892,32.031679322729076,7.0,5.99,HV,HA
7,8,alpha,0.7764444219189564,26.757740493500222,7.0,5.99,HV,HA
7,8,beta,2.9473999429862268,23.3902366726481,7.0,5.99,HV,HA
7,8,gamma,1.0059881499096903,17.503746000455845,7.0,5.99,HV,HA
7,9,delta,-0.0902060368393155,0.2064766181167666,6.99,4.0,HV,HA
7,9,theta,-3.6429015646388567,23.03682771812069,6.99,4.0,HV,HA
7,9,alpha,1.3054464639529968,22.217024241404758,6.99,4.0,HV,HA
7,9,beta,6.261166157408926,27.28663803026498,6.99,4.0,HV,HA
7,9,gamma,-3.8296068085838755,27.214760565798446,6.99,4.0,HV,HA
7,10,delta,0.05915328193107364,0.2920428574658128,7.09,7.04,HV,HA
7,10,theta,-2.539033629416174,25.343631358872926,7.09,7.04,HV,HA
7,10,alpha,5.619196941762112,28.483590639267508,7.09,7.04,HV,HA
7,10,beta,-0.1932658549907238,27.310633570252364,7.09,7.04,HV,HA
7,10,gamma,-2.9283219376597565,18.533800603599722,7.09,7.04,HV,HA
7,11,delta,-0.15276553227109052,0.24906217506946138,7.03,7.09,HV,LA
7,11,theta,-0.8371221918586436,29.78928734045399,7.03,7.09,HV,LA
7,11,alpha,3.881574553621011,33.00446810730577,7.03,7.09,HV,LA
7,11,beta,2.6321146316802384,23.196047791855094,7.03,7.09,HV,LA
7,11,gamma,-5.532232176579438,13.749583594708472,7.03,7.09,HV,LA
7,12,delta,-0.009932622612098874,0.19352603712047295,6.99,4.05,HV,LA
7,12,theta,-5.788553506629352,27.6467281744238,6.99,4.05,HV,LA
7,12,alpha,3.854817977592621,35.52765824757127,6.99,4.05,HV,LA
7,12,beta,2.5322292720393023,23.315611590469658,6.99,4.05,HV,LA
7,12,gamma,-0.5843877274610172,13.291462163780318,6.99,4.05,HV,LA
7,13,delta,-0.4037714992582082,0.7185427829742983,8.0,2.96,HV,LA
7,13,theta,-12.51317767359322,37.279521558472226,8.0,2.96,HV,LA
7,13,alpha,3.8036616146466145,34.9835320888796,8.0,2.96,HV,LA
7,13,beta,7.028839426793716,19.333489807999037,8.0,2.96,HV,LA
7,13,gamma,2.0896965750716543,7.669952980874694,8.0,2.96,HV,LA
7,14,delta,-0.09719125103570964,0.3156084187024802,7.09,5.03,HV,LA
7,14,theta,-1.571397692496678,36.3731665270789,7.09,5.03,HV,LA
7,14,alpha,6.778279356056611,32.60988392281455,7.09,5.03,HV,LA
7,14,beta,-0.1321554612868603,19.75237871544588,7.09,5.03,HV,LA
7,14,gamma,-4.975990151577813,10.936067845068827,7.09,5.03,HV,LA
7,15,delta,-0.11756390131979427,0.3292700177695914,7.99,3.01,HV,LA
7,15,theta,-8.047793027397557,25.891612167867574,7.99,3.01,HV,LA
7,15,alpha,3.619105717967372,27.40821326927837,7.99,3.01,HV,LA
7,15,beta,5.0400138205393255,25.614373696761536,7.99,3.01,HV,LA
7,15,gamma,-0.4924759814391635,20.732097975720894,7.99,3.01,HV,LA
7,16,delta,0.09991904389116577,0.2745195218212738,3.03,5.04,HV,LA
7,16,theta,7.747417684984487,28.308454753364288,3.03,5.04,HV,LA
7,16,alpha,1.7300427029062924,32.288477886476386,3.03,5.04,HV,LA
7,16,beta,-5.941047519996914,23.637514466960102,3.03,5.04,HV,LA
7,16,gamma,-3.6212820610833276,15.470924199902534,3.03,5.04,HV,LA
7,17,delta,-0.07934435656903069,0.5234054260977221,7.12,2.05,HV,LA
7,17,theta,-4.510762874659779,40.893585992784864,7.12,2.05,HV,LA
7,17,alpha,2.8082250604533563,25.89245511264975,7.12,2.05,HV,LA
7,17,beta,3.004984921022821,19.27023913746426,7.12,2.05,HV,LA
7,17,gamma,-1.2324423807135219,13.40480485795774,7.12,2.05,HV,LA
7,18,delta,0.002395821566916992,0.22569179658668911,7.03,3.06,HV,LA
7,18,theta,-5.360123259713381,24.887207234732102,7.03,3.06,HV,LA
7,18,alpha,-2.156403402058128,31.85739696172751,7.03,3.06,HV,LA
7,18,beta,6.57837943976844,26.036788383652404,7.03,3.06,HV,LA
7,18,gamma,0.9477098671689177,16.974089689886217,7.03,3.06,HV,LA
7,19,delta,-0.06489509604333987,0.26261650804413417,6.99,6.04,HV,LA
7,19,theta,-11.546911926400664,29.517767113938987,6.99,6.04,HV,LA
7,19,alpha,1.4223086292230036,26.689629261285155,6.99,6.04,HV,LA
7,19,beta,7.2128515470403265,25.53357631263019,6.99,6.04,HV,LA
7,19,gamma,2.953215037992095,17.96580882155261,6.99,6.04,HV,LA
7,20,delta,-0.15369957188796637,0.28106330936678287,8.06,6.06,HV,LA
7,20,theta,-3.8380143150171655,25.08882657827891,8.06,6.06,HV,LA
7,20,alpha,3.4736243303834407,27.64627516730674,8.06,6.06,HV,LA
7,20,beta,3.3639702501117696,27.42362704037497,8.06,6.06,HV,LA
7,20,gamma,-2.842528795297433,19.527859517176555,8.06,6.06,HV,LA
7,21,delta,-0.04936849758786521,0.27379334083622286,3.12,5.99,LV,LA
7,21,theta,6.428470405633558,30.249860769662043,3.12,5.99,LV,LA
7,21,alpha,9.568435760497525,27.790333785515834,3.12,5.99,LV,LA
7,21,beta,-5.658476757924884,24.64516608222388,3.12,5.99,LV,LA
7,21,gamma,-10.28834014259322,17.019506881176593,3.12,5.99,LV,LA
7,22,delta,-0.04193974643960899,0.3047759979873688,3.05,2.03,LV,LA
7,22,theta,-8.844048808381281,27.080172370644263,3.05,2.03,LV,LA
7,22,alpha,0.9571955369705591,28.991890273925154,3.05,2.03,LV,LA
7,22,beta,2.966236313075388,26.471429101588456,3.05,2.03,LV,LA
7,22,gamma,4.933834635202924,17.137195082846546,3.05,2.03,LV,LA
7,23,delta,-0.24535430697695934,0.4095145460863975,3.01,3.04,LV,LA
7,23,theta,-5.136675650651462,32.331069176789754,3.01,3.04,LV,LA
7,23,alpha,2.115443068318413,32.43400643198283,3.01,3.04,LV,LA
7,23,beta,3.006988253768732,22.055815130423163,3.01,3.04,LV,LA
7,23,gamma,0.2596180088391016,12.752824659068652,3.01,3.04,LV,LA
7,24,delta,-0.08544936855749913,0.2928746586100165,1.97,7.03,LV,LA
7,24,theta,-6.279966740869824,31.07461202439029,1.97,7.03,LV,LA
7,24,alpha,-1.3571342265310662,35.636680103458446,1.97,7.03,LV,LA
7,24,beta,6.564176367826192,21.462848765438096,1.97,7.03,LV,LA
7,24,gamma,1.1590616057212237,11.509491618901526,1.97,7.03,LV,LA
7,25,delta,-0.2640370889919042,0.4130871438868322,2.99,3.03,LV,LA
7,25,theta,-14.78819884240378,36.37689135241236,2.99,3.03,LV,LA
7,25,alpha,-2.095852540870421,29.955466979298595,2.99,3.03,LV,LA
7,25,beta,9.028414830077214,21.93125536461744,2.99,3.03,LV,LA
7,25,gamma,8.105750150377949,11.305325511420337,2.99,3.03,LV,LA
7,26,delta,-0.090610943731844,0.3092791885847851,2.0,4.04,LV,LA
7,26,theta,-6.0135401363834315,25.246911594253604,2.0,4.04,LV,LA
7,26,alpha,0.07804432523712634,31.48825491265415,2.0,4.04,LV,LA
7,26,beta,5.029902850694626,26.24475034948835,2.0,4.04,LV,LA
7,26,gamma,1.0196388272736492,16.683995951168995,2.0,4.04,LV,LA
7,27,delta,-0.07414187619395213,0.3078124915031301,6.09,3.04,LV,LA
7,27,theta,-4.664570410715559,28.72594652509101,6.09,3.04,LV,LA
7,27,alpha,0.4096595308063513,27.138991827817957,6.09,3.04,LV,LA
7,27,beta,2.342475332206188,26.508691955188244,6.09,3.04,LV,LA
7,27,gamma,1.9747046632038945,17.29735854616936,6.09,3.04,LV,LA
7,28,delta,-0.011380447171460528,0.19529326429230526,2.05,2.0,LV,LA
7,28,theta,5.023181944441234,22.836751334433014,2.05,2.0,LV,LA
7,28,alpha,7.82528531527711,31.486264180330657,2.05,2.0,LV,LA
7,28,beta,0.19816867524302495,25.36700361012327,2.05,2.0,LV,LA
7,28,gamma,-13.013037393715276,20.084642808315404,2.05,2.0,LV,LA
7,29,delta,-0.018778802212440604,0.3378485357240575,7.09,2.94,LV,LA
7,29,theta,-4.442993212558729,29.082322898601046,7.09,2.94,LV,LA
7,29,alpha,3.1108722306038317,28.795645983837964,7.09,2.94,LV,LA
7,29,beta,0.6676150764899127,26.616118346099547,7.09,2.94,LV,LA
7,29,gamma,0.6904281292112984,15.152863002405567,7.09,2.94,LV,LA
7,30,delta,-0.09129072123749032,0.3290020861223877,3.09,6.08,LV,LA
7,30,theta,-5.505066966544106,27.42363684784383,3.09,6.08,LV,LA
7,30,alpha,-1.1919645306761169,27.082796345724013,3.09,6.08,LV,LA
7,30,beta,4.849178063285109,27.862211539657913,3.09,6.08,LV,LA
7,30,gamma,1.933810292688836,17.278019449780256,3.09,6.08,LV,LA
7,31,delta,-0.08231692172756022,0.3408476098286813,6.96,7.03,LV,HA
7,31,theta,-2.607398496950797,28.360376731463305,6.96,7.03,LV,HA
7,31,alpha,5.394557009856285,29.091047673849346,6.96,7.03,LV,HA
7,31,beta,-0.41094171993508866,25.653987997293285,6.96,7.03,LV,HA
7,31,gamma,-2.297144122481388,16.536507688205923,6.96,7.03,LV,HA
7,32,delta,0.04285685954139343,0.22218962353893895,4.96,7.09,LV,HA
7,32,theta,-4.55321948051953,34.58596857743238,4.96,7.09,LV,HA
7,32,alpha,7.634868447747454,30.851107942684088,4.96,7.09,LV,HA
7,32,beta,-0.6080583780203312,21.96742949862091,4.96,7.09,LV,HA
7,32,gamma,-2.5131712420407037,12.350048308655875,4.96,7.09,LV,HA
7,33,delta,-0.15628905175958474,0.24601991385288138,4.97,7.08,LV,HA
7,33,theta,-6.189541461492835,22.964535432482602,4.97,7.08,LV,HA
7,33,alpha,6.056578724539754,29.399181193238096,4.97,7.08,LV,HA
7,33,beta,3.1007895606499503,28.2052649343589,4.97,7.08,LV,HA
7,33,gamma,-2.810850099775557,19.16695623065066,4.97,7.08,LV,HA
7,34,delta,-0.029756404629945082,0.19438563678042947,4.01,7.13,LV,HA
7,34,theta,-1.8851968692828756,26.542745969361732,4.01,7.13,LV,HA
7,34,alpha,3.4598200403858925,29.997356677998045,4.01,7.13,LV,HA
7,34,beta,2.598426635776196,25.364787627979823,4.01,7.13,LV,HA
7,34,gamma,-4.121576229807811,17.869937193051925,4.01,7.13,LV,HA
7,35,delta,-0.1494763548060688,0.3429032864138406,5.01,8.05,LV,HA
7,35,theta,-3.3282823479118697,28.42195381831249,5.01,8.05,LV,HA
7,35,alpha,3.6835368589821016,33.79048202540578,5.01,8.05,LV,HA
7,35,beta,0.13413862992462455,24.561827483553635,5.01,8.05,LV,HA
7,35,gamma,-0.34444034857764905,12.863192750921801,5.01,8.05,LV,HA
7,36,delta,-0.05398004150990912,0.20213278170761395,8.1,9.0,LV,HA
7,36,theta,-6.106284066191197,26.452776635364465,8.1,9.0,LV,HA
7,36,alpha,3.065297353396847,32.81230035440442,8.1,9.0,LV,HA
7,36,beta,2.4240237905402857,24.67749794601066,8.1,9.0,LV,HA
7,36,gamma,0.6573376958380308,15.837132384890289,8.1,9.0,LV,HA
7,37,delta,-0.0408394812480678,0.3232804532763131,5.05,7.04,LV,HA
7,37,theta,-10.580333632780984,25.954993943265485,5.05,7.04,LV,HA
7,37,alpha,1.6311500692593306,27.411864704639342,5.05,7.04,LV,HA
7,37,beta,6.572984527392634,27.239474401188357,5.05,7.04,LV,HA
7,37,gamma,2.399552326021695,19.03978550131632,5.05,7.04,LV,HA
7,38,delta,-0.1999445383911797,0.32068559728174706,5.03,7.1,LV,HA
7,38,theta,-11.329991163231238,29.902258731548883,5.03,7.1,LV,HA
7,38,alpha,1.6920198028204645,29.433435727170718,5.03,7.1,LV,HA
7,38,beta,6.026574600478284,25.081900694720474,5.03,7.1,LV,HA
7,38,gamma,3.800227978382111,15.246426247011556,5.03,7.1,LV,HA
7,39,delta,-0.11576744714250346,0.17851773469022914,7.01,7.01,LV,HA
7,39,theta,-1.3869439994321695,22.175845245956317,7.01,7.01,LV,HA
7,39,alpha,3.2930167551049596,25.09592815734735,7.01,7.01,LV,HA
7,39,beta,4.297157931955432,28.182320620516585,7.01,7.01,LV,HA
7,39,gamma,-6.086368208101959,24.34302326585894,7.01,7.01,LV,HA
7,40,delta,-0.25227513393988465,0.35383112319578225,7.01,7.03,LV,HA
7,40,theta,-4.632198667416816,31.485421234289817,7.01,7.03,LV,HA
7,40,alpha,5.90061404920824,27.607144717692123,7.01,7.03,LV,HA
7,40,beta,0.3318536130202716,25.254027912215374,7.01,7.03,LV,HA
7,40,gamma,-1.3357099386929256,15.270144173414451,7.01,7.03,LV,HA
8,1,delta,0.007577505318404565,1.4799451971896256,7.6,6.78,HV,HA
8,1,theta,-0.7394363196235076,72.05807207436465,7.6,6.78,HV,HA
8,1,alpha,0.47834890798283425,11.173713390186077,7.6,6.78,HV,HA
8,1,beta,2.434571217672275,10.24244169030678,7.6,6.78,HV,HA
8,1,gamma,-2.183350007105478,5.038915913602056,7.6,6.78,HV,HA
8,2,delta,-0.23482980998927627,1.4086342295603491,5.04,6.51,HV,HA
8,2,theta,-8.991837892934981,69.14609171899353,5.04,6.51,HV,HA
8,2,alpha,0.5227373688191843,13.125637863265437,5.04,6.51,HV,HA
8,2,beta,4.681414643475318,10.320339314301552,5.04,6.51,HV,HA
8,2,gamma,4.024744207131183,5.992214616003586,5.04,6.51,HV,HA
8,3,delta,-0.157965731659381,1.0623243976157162,8.15,6.96,HV,HA
8,3,theta,-8.381335240909529,52.38960763140864,8.15,6.96,HV,HA
8,3,alpha,2.0217883511116597,20.68954943728925,8.15,6.96,HV,HA
8,3,beta,5.1130411065868575,19.611690246280865,8.15,6.96,HV,HA
8,3,gamma,1.403021424626548,6.24047494996897,8.15,6.96,HV,HA
8,4,delta,-0.14919129532480202,1.155837342268252,6.82,8.23,HV,HA
8,4,theta,-12.541189364028277,65.01449444664247,6.82,8.23,HV,HA
8,4,alpha,2.5835008510260913,14.455956929244183,6.82,8.23,HV,HA
8,4,beta,7.0388698758715265,12.869563290368262,6.82,8.23,HV,HA
8,4,gamma,3.069637365840336,6.493847900489548,6.82,8.23,HV,HA
8,5,delta,0.04204839991962328,2.0750476013105206,4.41,7.72,HV,HA
8,5,theta,-2.5756955288851486,85.83123959532276,4.41,7.72,HV,HA
8,5,alpha,0.7000230187454228,7.200979356259886,4.41,7.72,HV,HA
8,5,beta,1.6011910465772559,3.737695047405266,4.41,7.72,HV,HA
8,5,gamma,0.23221862180464026,1.1537188203189745,4.41,7.72,HV,HA
8,6,delta,-0.1836492640085906,1.5834482072122196,7.4,7.26,HV,HA
8,6,theta,-12.61705525774235,70.74488512338488,7.4,7.26,HV,HA
8,6,alpha,-0.11500165237600157,15.613622255352976,7.4,7.26,HV,HA
8,6,beta,8.256785075521616,9.335140216207419,7.4,7.26,HV,HA
8,6,gamma,4.653267025046138,2.719205223815322,7.4,7.26,HV,HA
8,7,delta,-0.13333235819180111,1.090768570524133,5.04,5.04,HV,HA
8,7,theta,-7.189006299404227,68.83259830150641,5.04,5.04,HV,HA
8,7,alpha,2.3806606142410374,14.442026711336535,5.04,5.04,HV,HA
8,7,beta,4.911703142035959,10.878768810611755,5.04,5.04,HV,HA
8,7,gamma,0.026551198675409893,4.749516583135171,5.04,5.04,HV,HA
8,8,delta,-0.07376053618311518,0.6865833440929996,8.82,6.4,HV,HA
8,8,theta,-9.42252559918716,73.06247876840332,8.82,6.4,HV,HA
8,8,alpha,-1.7653041351533973,8.566979633939031,8.82,6.4,HV,HA
8,8,beta,6.26705035643538,9.533327615202769,8.82,6.4,HV,HA
8,8,gamma,5.014552632980326,8.141519143949843,8.82,6.4,HV,HA
8,9,delta,-0.15638051111906115,0.7839494401861231,8.78,7.24,HV,HA
8,9,theta,-1.1602526554903179,59.289872550815105,8.78,7.24,HV,HA
8,9,alpha,1.8404753345793168,16.1912147695326,8.78,7.24,HV,HA
8,9,beta,0.9553829985509061,14.274724441772896,8.78,7.24,HV,HA
8,9,gamma,-1.4841755803629724,9.446059640816365,8.78,7.24,HV,HA
8,10,delta,-0.5260118709715135,2.3577051074749416,4.97,3.6,HV,HA
8,10,theta,-15.276940953097501,70.57774662618593,4.97,3.6,HV,HA
8,10,alpha,-4.438322762047568,11.655537084901024,4.97,3.6,HV,HA
8,10,beta,8.17964329047799,9.039306636252514,4.97,3.6,HV,HA
8,10,gamma,12.024783528502196,6.362570833364758,4.97,3.6,HV,HA
8,11,delta,-0.10467363707152455,1.1175922701350012,8.41,5.0,HV,LA
8,11,theta,-4.180836248657975,67.4316455442491,8.41,5.0,HV,LA
8,11,alpha,1.0811682582936832,12.954073274614895,8.41,5.0,HV,LA
8,11,beta,3.832238285014485,13.075663929763255,8.41,5.0,HV,LA
8,11,gamma,-0.6284969161676583,5.414612449509322,8.41,5.0,HV,LA
8,12,delta,-0.13159102374490406,2.0088853359707324,8.47,6.54,HV,LA
8,12,theta,-12.546670466709536,76.5238888163655,8.47,6.54,HV,LA
8,12,alpha,1.583379343407893,11.17640006162845,8.47,6.54,HV,LA
8,12,beta,6.515522555425852,7.205953092837437,8.47,6.54,HV,LA
8,12,gamma,4.568614260542028,3.0809746055957525,8.47,6.54,HV,LA
8,13,delta,-0.14185194099101223,1.3283455924077976,7.9,5.09,HV,LA
8,13,theta,-12.190572382557008,71.95250205777776,7.9,5.09,HV,LA
8,13,alpha,-1.8577497711924886,8.128899484577445,7.9,5.09,HV,LA
8,13,beta,13.108574290356309,11.093803116679029,7.9,5.09,HV,LA
8,13,gamma,1.0447888661119045,7.473352016195408,7.9,5.09,HV,LA
8,14,delta,0.00957451213907301,1.7155363974533167,6.88,4.97,HV,LA
8,14,theta,-6.210003909053967,77.11104158570353,6.88,4.97,HV,LA
8,14,alpha,1.0350452583739198,12.960145512424884,6.88,4.97,HV,LA
8,14,beta,4.323707442677835,6.474342065218311,6.88,4.97,HV,LA
8,14,gamma,0.838619496486273,1.7363774937461371,6.88,4.97,HV,LA
8,15,delta,-0.004496385331444475,1.5029849014899885,8.33,5.04,HV,LA
8,15,theta,-2.354499481862561,80.70661833492656,8.33,5.04,HV,LA
8,15,alpha,0.7782762595420589,10.220964475264802,8.33,5.04,HV,LA
8,15,beta,1.5408974498491066,5.526033972663643,8.33,5.04,HV,LA
8,15,gamma,0.03934586351604574,2.040776451726863,8.33,5.04,HV,LA
8,16,delta,-0.492640672408841,1.2877033553352992,4.21,5.06,HV,LA
8,16,theta,-16.023506339789655,63.67551992172518,4.21,5.06,HV,LA
8,16,alpha,-2.8072104177124615,17.745909522904647,4.21,5.06,HV,LA
8,16,beta,12.540717251753641,13.13881161463608,4.21,5.06,HV,LA
8,16,gamma,6.773962618539976,4.14669041052332,4.21,5.06,HV,LA
8,17,delta,-0.010585133254085055,1.1130506340745225,6.67,4.77,HV,LA
8,17,theta,-9.544100539076645,64.16329281729631,6.67,4.77,HV,LA
8,17,alpha,1.0972607082468855,17.936047681174784,6.67,4.77,HV,LA
8,17,beta,5.766833061752095,12.688585225779292,6.67,4.77,HV,LA
8,17,gamma,2.688880313863827,4.0930642898575496,6.67,4.77,HV,LA
8,18,delta,-0.23171426844499443,1.0311953051816918,7.21,4.03,HV,LA
8,18,theta,-5.983027915212126,71.7889769347141,7.21,4.03,HV,LA
8,18,alpha,1.209037240526282,15.146629254776176,7.21,4.03,HV,LA
8,18,beta,3.441567928022879,8.932063874110643,7.21,4.03,HV,LA
8,18,gamma,1.5574974469880711,3.0968635844308494,7.21,4.03,HV,LA
8,19,delta,-0.19676581181263342,1.9264607374092262,5.04,6.28,HV,LA
8,19,theta,-15.050358600754453,69.46167405655925,5.04,6.28,HV,LA
8,19,alpha,-3.412900970897571,13.13686305329765,5.04,6.28,HV,LA
8,19,beta,7.370381934804243,9.668825851091926,5.04,6.28,HV,LA
8,19,gamma,11.264755663073828,5.796991721604058,5.04,6.28,HV,LA
8,20,delta,0.07180824719052403,1.5439556010019344,6.74,4.21,HV,LA
8,20,theta,2.2699260981323803,59.1518875525113,6.74,4.21,HV,LA
8,20,alpha,2.950832285182276,12.241412855807457,6.74,4.21,HV,LA
8,20,beta,-2.6030815645075904,16.89123457638217,6.74,4.21,HV,LA
8,20,gamma,-2.6972323224183192,10.16289704756403,6.74,4.21,HV,LA
8,21,delta,-0.08972063515563988,1.0620173520900182,4.68,6.41,LV,LA
8,21,theta,-5.704471985056919,74.42140634601358,4.68,6.41,LV,LA
8,21,alpha,0.5088670047635606,11.67426827180041,4.68,6.41,LV,LA
8,21,beta,3.935856486723999,8.645856312180538,4.68,6.41,LV,LA
8,21,gamma,1.3546674514013635,4.1889986445355625,4.68,6.41,LV,LA
8,22,delta,-0.240561109179723,1.0925111180977682,4.23,5.79,LV,LA
8,22,theta,-16.773859392430854,70.85665415053873,4.23,5.79,LV,LA
8,22,alpha,-2.8305651819904902,13.004626439101838,4.23,5.79,LV,LA
8,22,beta,17.758679575487506,9.542535969230835,4.23,5.79,LV,LA
8,22,gamma,2.1352272456264814,5.498188604624199,4.23,5.79,LV,LA
8,23,delta,-0.1453955865588894,1.6082078335813201,3.59,3.68,LV,LA
8,23,theta,-12.608378561175755,77.31225414302101,3.59,3.68,LV,LA
8,23,alpha,0.7349239977541338,9.769690234871668,3.59,3.68,LV,LA
8,23,beta,8.23470787745127,7.177838103556006,3.59,3.68,LV,LA
8,23,gamma,3.7712032134462516,4.1263179335386235,3.59,3.68,LV,LA
8,24,delta,-0.3194564456305158,1.4753863917400791,4.15,4.56,LV,LA
8,24,theta,-12.780634998095586,77.48367879640325,4.15,4.56,LV,LA
8,24,alpha,1.2909731647225495,11.434309583555326,4.15,4.56,LV,LA
8,24,beta,7.46664084360462,7.696184648466117,4.15,4.56,LV,LA
8,24,gamma,4.3340318824727735,1.906457661266485,4.15,4.56,LV,LA
8,25,delta,-0.09002338738309945,1.1847640770883208,3.72,3.9,LV,LA
8,25,theta,-5.015349009176106,83.43772893001758,3.72,3.9,LV,LA
8,25,alpha,0.3905569850437942,9.33160123671677,3.72,3.9,LV,LA
8,25,beta,2.805973860463917,4.730643978863988,3.72,3.9,LV,LA
8,25,gamma,1.9073535111154902,1.3132703988677719,3.72,3.9,LV,LA
8,26,delta,-0.44615554310574546,1.4270122180741693,4.99,4.99,LV,LA
8,26,theta,-25.504136951989793,78.55436159537425,4.99,4.99,LV,LA
8,26,alpha,-2.2390919679890526,8.604621624912228,4.99,4.99,LV,LA
8,26,beta,14.94089104887338,6.97758748979674,4.99,4.99,LV,LA
8,26,gamma,13.202268314643701,4.4314094469234755,4.99,4.99,LV,LA
8,27,delta,-0.3092206722349073,1.0793003567168844,4.46,4.59,LV,LA
8,27,theta,-19.530609324378116,66.64985198960073,4.46,4.59,LV,LA
8,27,alpha,-3.6020119298121216,11.190000716046567,4.46,4.59,LV,LA
8,27,beta,8.490901860733064,10.630938613466997,4.46,4.59,LV,LA
8,27,gamma,14.891211774067845,10.425114272532788,4.46,4.59,LV,LA
8,28,delta,-0.3610632934617838,1.4972706241748484,5.04,4.96,LV,LA
8,28,theta,-16.5182635227885,59.81407988117213,5.04,4.96,LV,LA
8,28,alpha,-2.697229867798068,16.662396676597744,5.04,4.96,LV,LA
8,28,beta,13.56131931342139,16.055875992314075,5.04,4.96,LV,LA
8,28,gamma,6.025340096615386,5.956870280999949,5.04,4.96,LV,LA
8,29,delta,-0.24956332919088942,1.0841626396559456,2.78,2.99,LV,LA
8,29,theta,-18.266630735822858,76.43648363694871,2.78,2.99,LV,LA
8,29,alpha,-0.7210905840936253,7.872460417390392,2.78,2.99,LV,LA
8,29,beta,8.079173242945082,9.677152776303933,2.78,2.99,LV,LA
8,29,gamma,11.150934257258868,4.924625540528467,2.78,2.99,LV,LA
8,30,delta,-0.08894199092246069,1.345136785466635,1.4,3.13,LV,LA
8,30,theta,-8.984790625352055,69.23142255838681,1.4,3.13,LV,LA
8,30,alpha,-0.2904985611540951,12.324865693119477,1.4,3.13,LV,LA
8,30,beta,5.980511642193109,11.74046269119743,1.4,3.13,LV,LA
8,30,gamma,3.3779767194945496,5.349051216509931,1.4,3.13,LV,LA
8,31,delta,-0.0976824908131283,1.6824172013731227,1.45,6.6,LV,HA
8,31,theta,-7.535539265443994,75.0006066660539,1.45,6.6,LV,HA
8,31,alpha,0.33864317323886084,12.306274435173435,1.45,6.6,LV,HA
8,31,beta,5.637695355157414,7.843337424161431,1.45,6.6,LV,HA
8,31,gamma,1.6549817066099841,3.162831615977173,1.45,6.6,LV,HA
8,32,delta,-0.23660036036668713,0.9563662485686497,6.33,8.23,LV,HA
8,32,theta,-11.486186192683128,64.77487700585368,6.33,8.23,LV,HA
8,32,alpha,0.16089553474228602,13.026833173980592,6.33,8.23,LV,HA
8,32,beta,9.812305425662093,11.980495328583418,6.33,8.23,LV,HA
8,32,gamma,1.7467652434307972,9.250423004403249,6.33,8.23,LV,HA
8,33,delta,0.044668405960092805,1.492918283092632,4.44,6.44,LV,HA
8,33,theta,-3.9412775331598624,77.4305505324302,4.44,6.44,LV,HA
8,33,alpha,2.004451214609807,12.634748721886886,4.44,6.44,LV,HA
8,33,beta,1.998543930163553,6.101532291028083,4.44,6.44,LV,HA
8,33,gamma,-0.10304607138410349,2.3372970442125345,4.44,6.44,LV,HA
8,34,delta,0.12159227669271211,1.3528665644130247,5.05,6.83,LV,HA
8,34,theta,4.758352151182002,71.5470168284828,5.05,6.83,LV,HA
8,34,alpha,3.3727946105586053,11.969306736654953,5.05,6.83,LV,HA
8,34,beta,-0.4445126371235979,10.281668656136928,5.05,6.83,LV,HA
8,34,gamma,-7.807858855239468,4.842642765727703,5.05,6.83,LV,HA
8,35,delta,-0.030574240889914533,1.2568807679507898,3.62,6.67,LV,HA
8,35,theta,4.523718990065447,58.007211849786316,3.62,6.67,LV,HA
8,35,alpha,-1.034831667750801,11.23603962243336,3.62,6.67,LV,HA
8,35,beta,3.335853399702472,16.970113763014112,3.62,6.67,LV,HA
8,35,gamma,-6.851928468263559,12.510011112118947,3.62,6.67,LV,HA
8,36,delta,0.19970709576363965,0.6095960000814633,1.21,7.94,LV,HA
8,36,theta,13.630315300552564,31.758862062028733,1.21,7.94,LV,HA
8,36,alpha,0.9251519884083512,6.086342198834796,1.21,7.94,LV,HA
8,36,beta,-2.948102279970964,28.387009447661192,1.21,7.94,LV,HA
8,36,gamma,-11.812039679581165,33.10493393436616,1.21,7.94,LV,HA
8,37,delta,0.20275293731923527,2.1075615790087108,5.06,3.31,LV,HA
8,37,theta,13.686984037338647,78.24332180685292,5.06,3.31,LV,HA
8,37,alpha,1.0132376106183152,10.979990245944375,5.06,3.31,LV,HA
8,37,beta,-7.754335977220963,6.131896934188449,5.06,3.31,LV,HA
8,37,gamma,-7.154967004187567,2.5340118114143073,5.06,3.31,LV,HA
8,38,delta,-0.26196903169672603,1.097907445840176,4.72,4.69,LV,HA
8,38,theta,-10.90307164688626,76.65531226167303,4.72,4.69,LV,HA
8,38,alpha,-0.6203728159967756,9.410175897992989,4.72,4.69,LV,HA
8,38,beta,7.442270369492579,7.816815070479073,4.72,4.69,LV,HA
8,38,gamma,4.315098642455238,5.012307615748512,4.72,4.69,LV,HA
8,39,delta,-0.31704928587466574,1.0541764144493653,5.05,3.46,LV,HA
8,39,theta,-20.378838074941164,51.29669207575635,5.05,3.46,LV,HA
8,39,alpha,-0.782550543259573,10.101836378607391,5.05,3.46,LV,HA
8,39,beta,9.584568341361988,19.48588486174416,5.05,3.46,LV,HA
8,39,gamma,11.841979222541678,18.038014003330087,5.05,3.46,LV,HA
8,40,delta,-0.13510187384751182,1.7822436494608884,3.13,5.03,LV,HA
8,40,theta,-12.908065322221866,77.56692821868594,3.13,5.03,LV,HA
8,40,alpha,-0.5054176627513929,10.629894398655733,3.13,5.03,LV,HA
8,40,beta,8.639203746188231,6.773610865860417,3.13,5.03,LV,HA
8,40,gamma,4.907799456219705,3.242203009236053,3.13,5.03,LV,HA
9,1,delta,-0.6853386456024211,0.6130859680684855,5.05,4.04,HV,HA
9,1,theta,-37.73112325330969,67.93988169073369,5.05,4.04,HV,HA
9,1,alpha,5.559638906336618,15.676272470146015,5.05,4.04,HV,HA
9,1,beta,16.80657778472639,10.233515693526025,5.05,4.04,HV,HA
9,1,gamma,16.046650847482347,5.532735133395495,5.05,4.04,HV,HA
9,2,delta,-1.2585893304432643,1.0339486462310494,7.08,6.14,HV,HA
9,2,theta,-35.64290897468857,69.27882146085273,7.08,6.14,HV,HA
9,2,alpha,6.844914361330227,18.18623122867275,7.08,6.14,HV,HA
9,2,beta,16.515387414606522,8.937509929179711,7.08,6.14,HV,HA
9,2,gamma,13.527832689704567,2.558448859513663,7.08,6.14,HV,HA
9,3,delta,0.008390157149074096,1.1591471311853423,7.08,7.14,HV,HA
9,3,theta,-13.075001109074975,75.84131551782923,7.08,7.14,HV,HA
9,3,alpha,8.368965912590653,15.740584942918844,7.08,7.14,HV,HA
9,3,beta,3.9412889119088335,5.724738848816718,7.08,7.14,HV,HA
9,3,gamma,0.7566310410533912,1.5322722031238052,7.08,7.14,HV,HA
9,4,delta,0.022956897874096605,2.208598003138996,5.99,5.97,HV,HA
9,4,theta,-9.861844476877266,77.45900231085972,5.99,5.97,HV,HA
9,4,alpha,5.866448968032957,13.446778274542504,5.99,5.97,HV,HA
9,4,beta,3.2637998981880085,5.519269173726203,5.99,5.97,HV,HA
9,4,gamma,0.7082414123185463,1.364545217150583,5.99,5.97,HV,HA
9,5,delta,-0.695842245654952,0.9916174187264397,4.99,4.96,HV,HA
9,5,theta,-13.744217993432656,81.17526952100097,4.99,4.96,HV,HA
9,5,alpha,4.510425788076644,11.244929987602317,4.99,4.96,HV,HA
9,5,beta,5.737075875660452,4.89951418644143,4.99,4.96,HV,HA
9,5,gamma,4.187773946896849,1.6868276820078516,4.99,4.96,HV,HA
9,6,delta,-0.44782965881389547,0.7328200127291451,7.04,6.19,HV,HA
9,6,theta,-16.109488986793274,66.33215562755954,7.04,6.19,HV,HA
9,6,alpha,12.351372178000595,17.778333008806253,7.04,6.19,HV,HA
9,6,beta,3.924772131275261,9.896488875548673,7.04,6.19,HV,HA
9,6,gamma,0.2814294318131494,5.255231426354856,7.04,6.19,HV,HA
9,7,delta,-0.20534849604315464,1.1751250196968115,5.08,5.01,HV,HA
9,7,theta,-13.347687294251813,74.51018058780592,5.08,5.01,HV,HA
9,7,alpha,6.441763383196673,14.67330069415232,5.08,5.01,HV,HA
9,7,beta,4.690132276709296,6.943951687214498,5.08,5.01,HV,HA
9,7,gamma,2.418264348279827,2.694518153594693,5.08,5.01,HV,HA
9,8,delta,-0.5353728136867661,1.0588163603501293,6.15,5.0,HV,HA
9,8,theta,-37.79613462348483,74.2964655591075,6.15,5.0,HV,HA
9,8,alpha,6.400007865508528,14.401660062749407,6.15,5.0,HV,HA
9,8,beta,17.078520080674586,7.25558089724699,6.15,5.0,HV,HA
9,8,gamma,14.820978668861294,2.9823128938670047,6.15,5.0,HV,HA
9,9,delta,-0.43489659607519204,1.0146290785604093,5.96,4.05,HV,HA
9,9,theta,-22.54358041209234,61.41599020357588,5.96,4.05,HV,HA
9,9,alpha,4.287985119880897,13.335258879895125,5.96,4.05,HV,HA
9,9,beta,11.072285791152643,13.383054953366067,5.96,4.05,HV,HA
9,9,gamma,7.593033185168935,10.838405176995924,5.96,4.05,HV,HA
9,10,delta,-0.4247997863754933,1.5513309510829971,3.94,3.96,HV,HA
9,10,theta,-21.167073214802556,73.99230785824616,3.94,3.96,HV,HA
9,10,alpha,5.585163281750395,15.889028015318164,3.94,3.96,HV,HA
9,10,beta,8.965759124891326,6.640666449979581,3.94,3.96,HV,HA
9,10,gamma,7.0322679366391885,1.9231222606123077,3.94,3.96,HV,HA
9,11,delta,-0.2640596150253577,0.7623162402017188,7.12,7.1,HV,LA
9,11,theta,-13.395850132960248,62.94794654488157,7.12,7.1,HV,LA
9,11,alpha,7.844815232465441,15.286025640194989,7.12,7.1,HV,LA
9,11,beta,4.4621519905939975,11.828292472588284,7.12,7.1,HV,LA
9,11,gamma,1.3475561611540607,9.15262842026015,7.12,7.1,HV,LA
9,12,delta,-0.18113889919901305,1.0491292710534819,7.08,6.99,HV,LA
9,12,theta,-22.577645863003816,62.76613119136726,7.08,6.99,HV,LA
9,12,alpha,8.588727531653838,14.16989673928617,7.08,6.99,HV,LA
9,12,beta,8.889083222326354,12.167311764899376,7.08,6.99,HV,LA
9,12,gamma,5.274759523412617,9.83181614801445,7.08,6.99,HV,LA
9,13,delta,-0.3658884263492217,1.231669004008168,8.15,7.04,HV,LA
9,13,theta,-18.254237042535678,76.42674881230498,8.15,7.04,HV,LA
9,13,alpha,5.126427870473866,14.78002464521008,8.15,7.04,HV,LA
9,13,beta,7.790601559424717,5.758174277948152,8.15,7.04,HV,LA
9,13,gamma,5.69576636624229,1.8011122040437069,8.15,7.04,HV,LA
9,14,delta,-0.33864526472768386,0.851390551914328,7.0,6.13,HV,LA
9,14,theta,-14.291205630383416,72.36502501082916,7.0,6.13,HV,LA
9,14,alpha,5.484462970625966,14.477188126900543,7.0,6.13,HV,LA
9,14,beta,6.068245610739357,8.332031502432521,7.0,6.13,HV,LA
9,14,gamma,3.0719983123111865,3.969362363887279,7.0,6.13,HV,LA
9,15,delta,-0.5370460408446214,1.310974902212088,6.21,6.01,HV,LA
9,15,theta,-16.69757751860668,73.81061975310587,6.21,6.01,HV,LA
9,15,alpha,12.106040744647723,15.505783682900589,6.21,6.01,HV,LA
9,15,beta,4.216806127096561,6.892138705595183,6.21,6.01,HV,LA
9,15,gamma,0.9108879955743743,2.4784878233118137,6.21,6.01,HV,LA
9,16,delta,-0.25808425091524323,1.674729899988157,4.05,4.0,HV,LA
9,16,theta,-10.272958428246397,74.41921560494417,4.05,4.0,HV,LA
9,16,alpha,4.227400509443439,9.846502624676194,4.05,4.0,HV,LA
9,16,beta,4.247227619426415,8.408379923505969,4.05,4.0,HV,LA
9,16,gamma,2.055084688886182,5.642303202874931,4.05,4.0,HV,LA
9,17,delta,-0.02047127209309063,0.9310412006639632,6.03,6.04,HV,LA
9,17,theta,-12.827164856889823,75.88297688803542,6.03,6.04,HV,LA
9,17,alpha,6.599958946163988,13.303944948189395,6.03,6.04,HV,LA
9,17,beta,4.019742790146962,6.564937920093909,6.03,6.04,HV,LA
9,17,gamma,2.2211292954862394,3.310148083722916,6.03,6.04,HV,LA
9,18,delta,-0.8809768580139938,1.240533298741824,4.9,4.97,HV,LA
9,18,theta,-33.73066022482512,68.83337868308692,4.9,4.97,HV,LA
9,18,alpha,4.251567037016912,14.819023062619403,4.9,4.97,HV,LA
9,18,beta,13.42572988812226,9.783320930118526,4.9,4.97,HV,LA
9,18,gamma,16.91902615205766,5.320581195086579,4.9,4.97,HV,LA
9,19,delta,-0.8444667867320085,1.1844513692946328,3.97,4.03,HV,LA
9,19,theta,-40.904842979502,69.9046541316871,3.97,4.03,HV,LA
9,19,alpha,5.8557157497137915,14.758662359225386,3.97,4.03,HV,LA
9,19,beta,17.498235743245747,8.65580917197768,3.97,4.03,HV,LA
9,19,gamma,18.374284365356775,5.492069995188207,3.97,4.03,HV,LA
9,20,delta,-0.5498608784577586,1.0607101061630049,5.12,4.97,HV,LA
9,20,theta,-17.649112035856703,73.04585000775698,5.12,4.97,HV,LA
9,20,alpha,6.889837595002912,14.93555832142274,5.12,4.97,HV,LA
9,20,beta,7.7855185456228915,8.36431434970984,5.12,4.97,HV,LA
9,20,gamma,3.519418703312318,2.5891026319759782,5.12,4.97,HV,LA
9,21,delta,-0.40438442318848544,1.4386169194576162,4.04,4.01,LV,LA
9,21,theta,-14.35534646661992,77.11838344108997,4.04,4.01,LV,LA
9,21,alpha,8.084471040082239,12.232575590921988,4.04,4.01,LV,LA
9,21,beta,4.744240126749533,6.5202564181117335,4.04,4.01,LV,LA
9,21,gamma,1.9283083696604248,2.6872019817501744,4.04,4.01,LV,LA
9,22,delta,-0.4848537723844546,1.2956587186590967,3.99,4.0,LV,LA
9,22,theta,-16.221242409305404,78.50808003328531,3.99,4.0,LV,LA
9,22,alpha,6.007443067729383,13.685246840479717,3.99,4.0,LV,LA
9,22,beta,6.329214798507689,5.026533822142484,3.99,4.0,LV,LA
9,22,gamma,4.3627472562735115,1.482295200002107,3.99,4.0,LV,LA
9,23,delta,-0.49876284013443595,1.598933334251572,5.0,4.97,LV,LA
9,23,theta,-13.171509383096279,74.43333641149803,5.0,4.97,LV,LA
9,23,alpha,6.000115342452939,12.113815488066493,5.0,4.97,LV,LA
9,23,beta,5.156852019185752,7.672154461989017,5.0,4.97,LV,LA
9,23,gamma,2.5063724983530924,4.175564436448486,5.0,4.97,LV,LA
9,24,delta,-0.3944100641186217,1.6988766029508682,4.03,5.01,LV,LA
9,24,theta,-32.74199587341803,70.83958005652484,4.03,5.01,LV,LA
9,24,alpha,5.36992451177343,15.043905392639829,4.03,5.01,LV,LA
9,24,beta,14.995995008768787,8.675767379377385,4.03,5.01,LV,LA
9,24,gamma,12.761957597565246,3.7360426725709885,4.03,5.01,LV,LA
9,25,delta,-0.541589250148398,1.175346973770036,5.04,4.04,LV,LA
9,25,theta,-25.84409331323201,77.05405529610712,5.04,4.04,LV,LA
9,25,alpha,9.430797039204535,14.219860622700608,5.04,4.04,LV,LA
9,25,beta,9.648909209179116,5.759678899181312,5.04,4.04,LV,LA
9,25,gamma,7.29325262702287,1.7883009262517124,5.04,4.04,LV,LA
9,26,delta,-0.175302058500316,1.3701038235402412,4.1,4.1,LV,LA
9,26,theta,-13.984259558620636,76.53563644651979,4.1,4.1,LV,LA
9,26,alpha,7.6493614297954595,12.777577474899164,4.1,4.1,LV,LA
9,26,beta,4.834737287638012,6.997964395516453,4.1,4.1,LV,LA
9,26,gamma,1.672106525224151,2.3149201261110903,4.1,4.1,LV,LA
9,27,delta,-0.7554894989503842,1.2827349313764396,5.04,5.05,LV,LA
9,27,theta,-26.00849807995617,72.71366989395904,5.04,5.05,LV,LA
9,27,alpha,4.582717090353862,15.00231971013544,5.04,5.05,LV,LA
9,27,beta,12.235132869956193,7.550040810983576,5.04,5.05,LV,LA
9,27,gamma,9.938666201116792,3.446220562844534,5.04,5.05,LV,LA
9,28,delta,-0.5508287067443136,0.8826622059311733,2.96,7.08,LV,LA
9,28,theta,-20.429032910859235,75.24530789466226,2.96,7.08,LV,LA
9,28,alpha,6.657086232275198,13.28296833395936,2.96,7.08,LV,LA
9,28,beta,8.197050582341555,7.63974478392307,2.96,7.08,LV,LA
9,28,gamma,6.122038392633911,2.945173133401032,2.96,7.08,LV,LA
9,29,delta,-0.5430328105509876,1.2227254611517544,3.99,4.15,LV,LA
9,29,theta,-16.028249678882077,78.34408096312819,3.99,4.15,LV,LA
9,29,alpha,7.325360336085513,11.98227301426517,3.99,4.15,LV,LA
9,29,beta,5.530566938809391,6.270778918270461,3.99,4.15,LV,LA
9,29,gamma,3.710355052981868,2.1779207498449393,3.99,4.15,LV,LA
9,30,delta,-0.5397300699468219,1.1862435219433014,4.04,6.06,LV,LA
9,30,theta,-22.94270537249404,72.99326755534946,4.04,6.06,LV,LA
9,30,alpha,6.5560555749312766,14.811122891302468,4.04,6.06,LV,LA
9,30,beta,10.122746782028408,7.824324047413618,4.04,6.06,LV,LA
9,30,gamma,6.793625246767386,3.1814506115910017,4.04,6.06,LV,LA
9,31,delta,-0.48721720184946005,2.214737716713147,6.06,6.06,LV,HA
9,31,theta,-11.860583562704008,78.39707595780672,6.06,6.06,LV,HA
9,31,alpha,8.579669792774554,12.313345115254082,6.06,6.06,LV,HA
9,31,beta,2.87375763198731,5.325193241721716,6.06,6.06,LV,HA
9,31,gamma,0.8934518495419403,1.747431393074228,6.06,6.06,LV,HA
9,32,delta,-0.2511597086956727,1.053786542072696,3.1,5.97,LV,HA
9,32,theta,-13.972175067099542,75.70269308969958,3.1,5.97,LV,HA
9,32,alpha,9.19183204108274,12.102707195800503,3.1,5.97,LV,HA
9,32,beta,3.9386612633922455,7.623337666454892,3.1,5.97,LV,HA
9,32,gamma,1.091795605256241,3.51263066624268,3.1,5.97,LV,HA
9,33,delta,-0.4448383774260021,1.0240695172924161,3.08,4.06,LV,HA
9,33,theta,-11.233741706697984,78.80285776322128,3.08,4.06,LV,HA
9,33,alpha,6.066639330593302,11.299512272041179,3.08,4.06,LV,HA
9,33,beta,4.43017442493118,6.471291456364636,3.08,4.06,LV,HA
9,33,gamma,1.1799901539430397,2.3976497031546558,3.08,4.06,LV,HA
9,34,delta,-0.43402895918776474,1.0549071624645794,5.06,6.1,LV,HA
9,34,theta,-20.828108726029086,78.08019455699394,5.06,6.1,LV,HA
9,34,alpha,6.880247662675221,11.521736072397351,5.06,6.1,LV,HA
9,34,beta,7.8822458486939375,6.52007242900756,5.06,6.1,LV,HA
9,34,gamma,6.488516754464896,2.8189337428737224,5.06,6.1,LV,HA
9,35,delta,-0.38156227212406524,0.9304536367545215,3.01,6.03,LV,HA
9,35,theta,-11.867262028973045,75.47844344343278,3.01,6.03,LV,HA
9,35,alpha,5.0601492461573905,12.08337175877472,3.01,6.03,LV,HA
9,35,beta,4.480938036166004,7.397159849858933,3.01,6.03,LV,HA
9,35,gamma,2.7037187314710627,4.104432487066477,3.01,6.03,LV,HA
9,36,delta,-0.38868423580450884,1.0745603640692725,3.08,7.05,LV,HA
9,36,theta,-12.616658812211213,75.8024791630256,3.08,7.05,LV,HA
9,36,alpha,6.443670058404232,14.539938653067962,3.08,7.05,LV,HA
9,36,beta,4.57700291942219,6.357523475414043,3.08,7.05,LV,HA
9,36,gamma,1.9820468609551039,2.2202858359686752,3.08,7.05,LV,HA
9,37,delta,-0.5719683126596953,1.5146396076647928,2.99,6.09,LV,HA
9,37,theta,-17.518445360347513,75.17014444420147,2.99,6.09,LV,HA
9,37,alpha,5.888928826636125,14.210326329744149,2.99,6.09,LV,HA
9,37,beta,7.605931134107509,6.616141561148403,2.99,6.09,LV,HA
9,37,gamma,4.591130521220381,2.4861195097379296,2.99,6.09,LV,HA
9,38,delta,-0.981542695829067,1.16593692682443,2.92,6.09,LV,HA
9,38,theta,-49.438415753401266,65.77290045845658,2.92,6.09,LV,HA
9,38,alpha,8.306140972722527,11.484264945481076,2.92,6.09,LV,HA
9,38,beta,19.18560951738813,13.266463388057193,2.92,6.09,LV,HA
9,38,gamma,22.912467289289527,8.29953558032535,2.92,6.09,LV,HA
9,39,delta,-0.1698449102629076,1.6728453593121118,3.17,6.1,LV,HA
9,39,theta,-10.611453384550813,78.59043639003175,3.17,6.1,LV,HA
9,39,alpha,6.909506267804611,12.3906915893889,3.17,6.1,LV,HA
9,39,beta,3.0256475917045376,5.6707148640703435,3.17,6.1,LV,HA
9,39,gamma,0.8450791477197879,1.672232791323801,3.17,6.1,LV,HA
9,40,delta,-0.35883466910915096,0.9872478563830493,5.04,5.01,LV,HA
9,40,theta,-14.635830382800023,73.93008022446664,5.04,5.01,LV,HA
9,40,alpha,7.067455459605156,15.486286630705372,5.04,5.01,LV,HA
9,40,beta,5.227388643985645,6.841046520269092,5.04,5.01,LV,HA
9,40,gamma,2.684259236195182,2.7500106207173323,5.04,5.01,LV,HA
10,1,delta,0.31617922250641545,0.6010233128905282,7.91,6.15,HV,HA
10,1,theta,22.90641432848611,45.59018174929628,7.91,6.15,HV,HA
10,1,alpha,0.6438288318991816,17.919550287878984,7.91,6.15,HV,HA
10,1,beta,-6.074741366149198,20.281895229574058,7.91,6.15,HV,HA
10,1,gamma,-17.750586837738858,15.58618918434176,7.91,6.15,HV,HA
10,2,delta,0.13318511708727632,0.5968454246401078,3.55,5.76,HV,HA
10,2,theta,10.504361116312154,55.40105868059429,3.55,5.76,HV,HA
10,2,alpha,1.1035895516904368,18.93198446005964,3.55,5.76,HV,HA
10,2,beta,-5.760497511572947,17.628278039081504,3.55,5.76,HV,HA
10,2,gamma,-5.973718543173569,7.431338370448406,3.55,5.76,HV,HA
10,3,delta,0.051647577450860904,1.1285413247445166,5.86,4.45,HV,HA
10,3,theta,5.42384419550087,66.43386246978925,5.86,4.45,HV,HA
10,3,alpha,-1.0523015131756104,17.266247844347948,5.86,4.45,HV,HA
10,3,beta,-2.487352308276696,11.513733057075163,5.86,4.45,HV,HA
10,3,gamma,-1.933506125675574,3.652511649081844,5.86,4.45,HV,HA
10,4,delta,0.25870838889775544,0.573357340282173,7.01,5.91,HV,HA
10,4,theta,19.660236461884576,47.60467876700989,7.01,5.91,HV,HA
10,4,alpha,6.703751829537673,17.01994052461191,7.01,5.91,HV,HA
10,4,beta,-14.37585465416694,19.885097858581833,7.01,5.91,HV,HA
10,4,gamma,-12.171285329359716,14.884453593755147,7.01,5.91,HV,HA
10,5,delta,0.31451698339096407,0.7014484933666404,7.24,6.23,HV,HA
10,5,theta,12.384902031255322,50.347524310816695,7.24,6.23,HV,HA
10,5,alpha,-1.0860621047891676,18.8438450438579,7.24,6.23,HV,HA
10,5,beta,-5.985103667093089,18.784826091270563,7.24,6.23,HV,HA
10,5,gamma,-5.610775147509738,11.302829995150057,7.24,6.23,HV,HA
10,6,delta,0.16498766945039423,0.5841819577007744,7.1,6.0,HV,HA
10,6,theta,8.338011923205805,49.610262232115865,7.1,6.0,HV,HA
10,6,alpha,-1.5843383280672185,16.419075811383188,7.1,6.0,HV,HA
10,6,beta,-3.830617879025116,18.621898103518976,7.1,6.0,HV,HA
10,6,gamma,-3.0738134214207307,14.739780547544004,7.1,6.0,HV,HA
10,7,delta,0.04118890912542773,0.16697039017362036,8.96,7.58,HV,HA
10,7,theta,2.804507309384789,16.66471671072867,8.96,7.58,HV,HA
10,7,alpha,0.4644982783685858,10.800852621329497,8.96,7.58,HV,HA
10,7,beta,-1.3802920695367895,32.92002995008642,8.96,7.58,HV,HA
10,7,gamma,-1.927610657083605,39.36871347549352,8.96,7.58,HV,HA
10,8,delta,0.2723687279125633,0.9198372251338525,5.68,4.05,HV,HA
10,8,theta,13.231475238951127,58.33344325321587,5.68,4.05,HV,HA
10,8,alpha,0.7765938445968068,18.11854314305038,5.68,4.05,HV,HA
10,8,beta,-9.188379127746032,15.149539737976642,5.68,4.05,HV,HA
10,8,gamma,-5.059952749292082,7.470456124758668,5.68,4.05,HV,HA
10,9,delta,0.003190461021274238,0.36178192505462126,7.56,6.21,HV,HA
10,9,theta,7.842274836024465,52.124901229115025,7.56,6.21,HV,HA
10,9,alpha,-0.5219625302690076,16.473703819987747,7.56,6.21,HV,HA
10,9,beta,-3.562200029041499,18.42349704226815,7.56,6.21,HV,HA
10,9,gamma,-3.7604483743163595,12.601196220394502,7.56,6.21,HV,HA
10,10,delta,0.1419300077264875,0.6112443123753937,5.94,6.0,HV,HA
10,10,theta,23.964107147428493,64.18948440208806,5.94,6.0,HV,HA
10,10,alpha,0.6699306529360065,18.217324357387845,5.94,6.0,HV,HA
10,10,beta,-13.697573908561042,12.576931284443049,5.94,6.0,HV,HA
10,10,gamma,-11.076385393308094,4.398435620392448,5.94,6.0,HV,HA
10,11,delta,0.10996016590881108,0.4631911164166872,8.99,7.14,HV,LA
10,11,theta,6.0880467062007355,43.83156781887969,8.99,7.14,HV,LA
10,11,alpha,-3.285382616360586,16.654262383021752,8.99,7.14,HV,LA
10,11,beta,-1.684845270031925,22.009041445602556,8.99,7.14,HV,LA
10,11,gamma,-1.2174841707322699,17.017299735796843,8.99,7.14,HV,LA
10,12,delta,0.11755927421991996,0.6077917104633173,5.37,4.37,HV,LA
10,12,theta,10.41503854071967,52.64568859767228,5.37,4.37,HV,LA
10,12,alpha,-1.8437492126154655,18.443023960857733,5.37,4.37,HV,LA
10,12,beta,-4.395695119871068,16.562545671503294,5.37,4.37,HV,LA
10,12,gamma,-4.2890627115363085,11.724597379248571,5.37,4.37,HV,LA
10,13,delta,0.24177550892916955,0.5918001657431515,6.72,3.64,HV,LA
10,13,theta,11.094541242829969,61.68018021160458,6.72,3.64,HV,LA
10,13,alpha,-1.6402083412170256,19.364642797400087,6.72,3.64,HV,LA
10,13,beta,-5.1962402555469165,12.663436312006828,6.72,3.64,HV,LA
10,13,gamma,-4.4924391666983325,5.692594584567191,6.72,3.64,HV,LA
10,14,delta,0.17934609739570417,0.7948785141195425,8.81,4.91,HV,LA
10,14,theta,9.847207645845558,59.2262159141511,8.81,4.91,HV,LA
10,14,alpha,-3.1861321380498744,18.722431776746205,8.81,4.91,HV,LA
10,14,beta,-3.774550359267634,14.470771641729154,8.81,4.91,HV,LA
10,14,gamma,-3.0573349762828403,6.775789569724662,8.81,4.91,HV,LA
10,15,delta,0.14105378329415064,0.8703247562419645,5.31,2.88,HV,LA
10,15,theta,10.805111185203977,63.609957390090585,5.31,2.88,HV,LA
10,15,alpha,0.4355918248889452,18.08560489171536,5.31,2.88,HV,LA
10,15,beta,-5.793151672374723,12.348296389118763,5.31,2.88,HV,LA
10,15,gamma,-5.585896123062002,5.0778151354786605,5.31,2.88,HV,LA
10,16,delta,0.5255916091363446,0.7216853948011519,3.85,2.83,HV,LA
10,16,theta,39.16234804051241,55.64441776854494,3.85,2.83,HV,LA
10,16,alpha,6.649561263728311,16.57340168048802,3.85,2.83,HV,LA
10,16,beta,-20.46283208791798,17.621040912512598,3.85,2.83,HV,LA
10,16,gamma,-25.777232877682344,9.421412323267235,3.85,2.83,HV,LA
10,17,delta,0.200010027351462,1.2172506637082003,4.95,3.96,HV,LA
10,17,theta,4.524239158975689,69.14322127700552,4.95,3.96,HV,LA
10,17,alpha,0.0917909387260103,17.65115186523743,4.95,3.96,HV,LA
10,17,beta,-3.084851625203733,9.107259582663456,4.95,3.96,HV,LA
10,17,gamma,-1.7265527422248468,2.8776819038556773,4.95,3.96,HV,LA
10,18,delta,0.3243809045210288,0.6232351615375156,7.31,3.44,HV,LA
10,18,theta,19.970189872412462,48.7348529707907,7.31,3.44,HV,LA
10,18,alpha,-2.1851011859466603,18.069937176462894,7.31,3.44,HV,LA
10,18,beta,-6.026132389233712,20.275449163054816,7.31,3.44,HV,LA
10,18,gamma,-12.075339838013186,12.275957004091211,7.31,3.44,HV,LA
10,19,delta,0.1474384309214095,0.7407321729962719,7.82,5.19,HV,LA
10,19,theta,6.69468241313043,54.881790487428646,7.82,5.19,HV,LA
10,19,alpha,-2.486021905925913,20.227060971774563,7.82,5.19,HV,LA
10,19,beta,-2.714269078311542,16.455515481114517,7.82,5.19,HV,LA
10,19,gamma,-1.6380008826330954,7.683624314468458,7.82,5.19,HV,LA
10,20,delta,0.21054674046543514,0.6657017051804532,5.58,3.26,HV,LA
10,20,theta,11.27917354796378,59.476218353867026,5.58,3.26,HV,LA
10,20,alpha,-1.2655990812860303,17.783327524591687,5.58,3.26,HV,LA
10,20,beta,-5.0485039676464964,15.6324040947042,5.58,3.26,HV,LA
10,20,gamma,-5.16944576508347,6.431818960586558,5.58,3.26,HV,LA
10,21,delta,0.21246925233109237,0.6084678257777375,2.97,5.22,LV,LA
10,21,theta,12.916516444488899,56.162322508214835,2.97,5.22,LV,LA
10,21,alpha,-0.36130615706640157,17.49648686844411,2.97,5.22,LV,LA
10,21,beta,-6.302374895033942,16.95830521399533,2.97,5.22,LV,LA
10,21,gamma,-6.450777764389812,8.762292539555894,2.97,5.22,LV,LA
10,22,delta,0.10439436730786844,0.6236037025162251,4.24,2.96,LV,LA
10,22,theta,9.560056177441773,59.07218856803814,4.24,2.96,LV,LA
10,22,alpha,0.18115424503763577,18.332028173988345,4.24,2.96,LV,LA
10,22,beta,-5.316938740927743,14.719587500461463,4.24,2.96,LV,LA
10,22,gamma,-4.526695346769037,7.242139749947678,4.24,2.96,LV,LA
10,23,delta,0.3355225425948002,0.7109769962373645,2.87,4.24,LV,LA
10,23,theta,14.928317827689426,63.52536144580042,2.87,4.24,LV,LA
10,23,alpha,-5.4499830298044465,19.311476805143307,2.87,4.24,LV,LA
10,23,beta,-5.233273653336468,12.014878425839328,2.87,4.24,LV,LA
10,23,gamma,-4.574353679570182,4.431656886359138,2.87,4.24,LV,LA
10,24,delta,0.07132520933483462,0.2501715384165377,6.82,2.03,LV,LA
10,24,theta,5.229790083756885,21.32834357639247,6.82,2.03,LV,LA
10,24,alpha,-0.06200344668132729,9.997541789811368,6.82,2.03,LV,LA
10,24,beta,-3.4980757178586863,31.074148430707925,6.82,2.03,LV,LA
10,24,gamma,-1.760346567779429,37.30877818548139,6.82,2.03,LV,LA
10,25,delta,0.24708735139928084,0.9670733540474556,1.92,4.01,LV,LA
10,25,theta,14.040053521791016,63.108110173729756,1.92,4.01,LV,LA
10,25,alpha,-2.4731407934271417,18.13203941613964,1.92,4.01,LV,LA
10,25,beta,-6.137375214864772,13.356551356991313,1.92,4.01,LV,LA
10,25,gamma,-5.668916346658602,4.431946298319823,1.92,4.01,LV,LA
10,26,delta,0.21697039362413184,1.0840991601283547,4.95,1.68,LV,LA
10,26,theta,12.71575869566989,60.572770535406036,4.95,1.68,LV,LA
10,26,alpha,0.4086786285361832,19.88517814803113,4.95,1.68,LV,LA
10,26,beta,-7.335641214424385,12.787159224516376,4.95,1.68,LV,LA
10,26,gamma,-6.001589573671855,5.665549303407586,4.95,1.68,LV,LA
10,27,delta,0.288060558839234,1.0565946011100897,4.94,2.97,LV,LA
10,27,theta,9.080483771351375,64.04345424020254,4.94,2.97,LV,LA
10,27,alpha,-0.5964448140238332,17.944232517544947,4.94,2.97,LV,LA
10,27,beta,-4.594153547276802,12.652185280047322,4.94,2.97,LV,LA
10,27,gamma,-4.172289851814702,4.298112739711873,4.94,2.97,LV,LA
10,28,delta,0.30321095683100907,0.674623214017034,4.31,3.87,LV,LA
10,28,theta,16.954737551366236,57.35159028498558,4.31,3.87,LV,LA
10,28,alpha,-5.467746946493829,20.608091195630415,4.31,3.87,LV,LA
10,28,beta,-6.027499622739278,15.28587715467836,4.31,3.87,LV,LA
10,28,gamma,-5.757321334823232,6.070955577178686,4.31,3.87,LV,LA
10,29,delta,-0.06794156164977672,0.6306719848767723,3.94,2.97,LV,LA
10,29,theta,11.903108578896358,64.18010722828745,3.94,2.97,LV,LA
10,29,alpha,-1.865803522984823,17.441232786356093,3.94,2.97,LV,LA
10,29,beta,-5.837872411545128,13.40595731081101,3.94,2.97,LV,LA
10,29,gamma,-4.127015247338199,4.336636625584798,3.94,2.97,LV,LA
10,30,delta,0.3392575539605095,0.960460989291571,2.64,5.04,LV,LA
10,30,theta,9.508955660852756,60.53205850478071,2.64,5.04,LV,LA
10,30,alpha,-2.158545734178219,19.098683034866685,2.64,5.04,LV,LA
10,30,beta,-5.185916129175087,13.840295362094107,2.64,5.04,LV,LA
10,30,gamma,-2.500653392723865,5.560263473599963,2.64,5.04,LV,LA
10,31,delta,0.09917215694608461,0.6030685337579929,4.15,5.49,LV,HA
10,31,theta,11.703865309803227,62.80646219487984,4.15,5.49,LV,HA
10,31,alpha,-3.8284465056819847,18.451676183365663,4.15,5.49,LV,HA
10,31,beta,-4.969041562490888,13.041258975949006,4.15,5.49,LV,HA
10,31,gamma,-2.9999300504198154,5.090850252815397,4.15,5.49,LV,HA
10,32,delta,0.1508015998536905,0.32207830822464967,5.96,7.47,LV,HA
10,32,theta,9.383610413399957,31.530832899618066,5.96,7.47,LV,HA
10,32,alpha,1.0025902921349967,15.615368298890935,5.96,7.47,LV,HA
10,32,beta,-6.1788338196891,26.881037906536235,5.96,7.47,LV,HA
10,32,gamma,-4.353396773318785,25.60788549077467,5.96,7.47,LV,HA
10,33,delta,0.2492336908449,0.8931254280392784,4.94,5.73,LV,HA
10,33,theta,8.206625430869288,61.18567256914881,4.94,5.73,LV,HA
10,33,alpha,0.807478818872351,19.116211577008453,4.94,5.73,LV,HA
10,33,beta,-4.5283789135014665,13.960901105909652,4.94,5.73,LV,HA
10,33,gamma,-4.729599744312015,4.839315610271468,4.94,5.73,LV,HA
10,34,delta,0.18268956694431682,0.6224787550683429,3.91,5.95,LV,HA
10,34,theta,8.24664924310057,64.22345373248716,3.91,5.95,LV,HA
10,34,alpha,1.2993360293131673,17.825498847295684,3.91,5.95,LV,HA
10,34,beta,-5.172124939709983,12.171457272336289,3.91,5.95,LV,HA
10,34,gamma,-4.546361237729907,5.148440152673317,3.91,5.95,LV,HA
10,35,delta,-0.05533632411598294,0.48645824005854177,1.38,5.97,LV,HA
10,35,theta,9.667783341877374,57.311515000588805,1.38,5.97,LV,HA
10,35,alpha,-0.7749732177531357,20.618555111378736,1.38,5.97,LV,HA
10,35,beta,-4.955515687509138,15.338168250210025,1.38,5.97,LV,HA
10,35,gamma,-3.8807918792068783,6.237824221388525,1.38,5.97,LV,HA
10,36,delta,0.19807478677454748,0.7295511113492676,2.17,6.18,LV,HA
10,36,theta,11.158560777745762,60.09124325669562,2.17,6.18,LV,HA
10,36,alpha,-0.07338743582190688,18.926928119072695,2.17,6.18,LV,HA
10,36,beta,-5.944511865224959,14.36689377388246,2.17,6.18,LV,HA
10,36,gamma,-5.334517346228278,5.876645627940095,2.17,6.18,LV,HA
10,37,delta,0.19028170247245835,0.6676228715752315,2.92,6.26,LV,HA
10,37,theta,7.107670918431445,58.48742363993489,2.92,6.26,LV,HA
10,37,alpha,-0.7255352482600763,21.27966302697544,2.92,6.26,LV,HA
10,37,beta,-3.179999138937486,14.90296261454787,2.92,6.26,LV,HA
10,37,gamma,-3.3848003034434644,4.65536331663622,2.92,6.26,LV,HA
10,38,delta,0.07825641262814576,0.6588774636732878,1.91,5.46,LV,HA
10,38,theta,1.9255903605908031,59.11492986879325,1.91,5.46,LV,HA
10,38,alpha,0.14492987144073055,17.660769661232365,1.91,5.46,LV,HA
10,38,beta,-1.4959639982495183,15.588506756951695,1.91,5.46,LV,HA
10,38,gamma,-0.6522556217916353,6.9690865070624195,1.91,5.46,LV,HA
10,39,delta,0.14038162046464586,0.874374441767134,2.17,6.21,LV,HA
10,39,theta,13.209034067956189,57.60877908894561,2.17,6.21,LV,HA
10,39,alpha,-4.492153495541068,19.316820310975253,2.17,6.21,LV,HA
10,39,beta,-4.952562818523852,15.90100212878486,2.17,6.21,LV,HA
10,39,gamma,-3.900512400328103,6.29133534322264,2.17,6.21,LV,HA
10,40,delta,0.30156868979548446,0.9041610950378702,5.78,6.15,LV,HA
10,40,theta,8.376723018393072,62.75289652367745,5.78,6.15,LV,HA
10,40,alpha,-0.5904921916396262,15.837182545214297,5.78,6.15,LV,HA
10,40,beta,-4.609421276615549,13.290325351781249,5.78,6.15,LV,HA
10,40,gamma,-3.4667238269617524,7.203796406482827,5.78,6.15,LV,HA
11,1,delta,-0.05882656199790548,0.6746343327825954,6.27,4.03,HV,HA
11,1,theta,-3.2652324019831127,65.02851191937317,6.27,4.03,HV,HA
11,1,alpha,1.1760295240546892,16.093560262679894,6.27,4.03,HV,HA
11,1,beta,1.7158264382777002,13.370723696273103,6.27,4.03,HV,HA
11,1,gamma,0.43180520659455457,4.8264593265655975,6.27,4.03,HV,HA
11,2,delta,-0.04301007839871018,0.6391617683056796,5.67,3.86,HV,HA
11,2,theta,-1.9928579199769842,69.32286021764304,5.67,3.86,HV,HA
11,2,alpha,0.8622901677488386,14.940700335458514,5.67,3.86,HV,HA
11,2,beta,0.8036160781731869,10.341720457214173,5.67,3.86,HV,HA
11,2,gamma,0.3697900590268466,4.750152469526196,5.67,3.86,HV,HA
11,3,delta,-0.020066597113009843,1.1451297659154709,7.41,5.21,HV,HA
11,3,theta,-0.7576549688686143,59.21646754158401,7.41,5.21,HV,HA
11,3,alpha,-0.011226692972449825,19.38101407382584,7.41,5.21,HV,HA
11,3,beta,0.3753949292963732,13.461960527748221,7.41,5.21,HV,HA
11,3,gamma,0.413534168594885,6.788201903614263,7.41,5.21,HV,HA
11,4,delta,-0.06080799356027433,1.0745405174668128,7.65,6.53,HV,HA
11,4,theta,-1.1809595197683436,62.47029950034839,7.65,6.53,HV,HA
11,4,alpha,0.30551279636415174,21.79372463604006,7.65,6.53,HV,HA
11,4,beta,0.8935805963695618,12.067838963143672,7.65,6.53,HV,HA
11,4,gamma,0.04294175331125505,2.590011382959296,7.65,6.53,HV,HA
11,5,delta,-0.11788067821176496,1.2629087602015083,7.41,6.4,HV,HA
11,5,theta,-4.179794424560171,61.73655345967322,7.41,6.4,HV,HA
11,5,alpha,1.4802066036673303,17.86357919785257,7.41,6.4,HV,HA
11,5,beta,2.0432685025020003,13.297983347378587,7.41,6.4,HV,HA
11,5,gamma,0.7731362643169764,5.832783732605471,7.41,6.4,HV,HA
11,6,delta,0.010230132797890201,0.7897853983289387,5.32,5.38,HV,HA
11,6,theta,-0.5877204004370498,61.69881200408513,5.32,5.38,HV,HA
11,6,alpha,0.34972818591000276,21.47854771940571,5.32,5.38,HV,HA
11,6,beta,0.42363772678984013,12.326444832247958,5.32,5.38,HV,HA
11,6,gamma,-0.19548816551267167,3.7034460548973014,5.32,5.38,HV,HA
11,7,delta,-0.07861976073145849,0.6620931668468342,6.37,4.72,HV,HA
11,7,theta,-1.2380719363475237,66.70206026922031,6.37,4.72,HV,HA
11,7,alpha,0.4892825989252394,19.35566354018905,6.37,4.72,HV,HA
11,7,beta,0.7129919889286445,10.973897095224721,6.37,4.72,HV,HA
11,7,gamma,0.1140694654492469,2.3042274875727657,6.37,4.72,HV,HA
11,8,delta,-0.0972300311774984,0.7997070430076034,6.26,6.14,HV,HA
11,8,theta,-2.515499658078838,65.55676274601957,6.26,6.14,HV,HA
11,8,alpha,1.2742443750010644,20.365771646592968,6.26,6.14,HV,HA
11,8,beta,1.2191657143235215,11.058388181914463,6.26,6.14,HV,HA
11,8,gamma,0.1192718549830607,2.216553466652887,6.26,6.14,HV,HA
11,9,delta,0.02624345115468174,0.6039663490810798,7.04,6.42,HV,HA
11,9,theta,-2.8940570651379005,63.44593309620517,7.04,6.42,HV,HA
11,9,alpha,0.5437259200371649,18.489716521963935,7.04,6.42,HV,HA
11,9,beta,1.4325833917703434,12.483973663401667,7.04,6.42,HV,HA
11,9,gamma,0.8915520204070644,4.972374391022731,7.04,6.42,HV,HA
11,10,delta,-0.12181420903399176,0.9478099381551335,6.53,1.29,HV,HA
11,10,theta,-4.378021320654057,61.43604060308101,6.53,1.29,HV,HA
11,10,alpha,1.6200446173130167,19.27948821624576,6.53,1.29,HV,HA
11,10,beta,1.935176027884367,12.146451882387293,6.53,1.29,HV,HA
11,10,gamma,0.9426558006776986,6.18285088795532,6.53,1.29,HV,HA
11,11,delta,-0.10660399640095841,0.7586501768888299,7.32,2.74,HV,LA
11,11,theta,-4.141835514512856,64.35838806874634,7.32,2.74,HV,LA
11,11,alpha,0.9456649750502812,16.26782388968362,7.32,2.74,HV,LA
11,11,beta,2.1586815577630407,13.233808944443034,7.32,2.74,HV,LA
11,11,gamma,1.1441837606714467,5.375460838541009,7.32,2.74,HV,LA
11,12,delta,0.035124203721772385,0.5436328845589227,5.04,1.01,HV,LA
11,12,theta,-1.8122505637238078,69.98214846742931,5.04,1.01,HV,LA
11,12,alpha,0.4831676106936662,17.758838917713117,5.04,1.01,HV,LA
11,12,beta,0.8873168148936408,9.292653286732378,5.04,1.01,HV,LA
11,12,gamma,0.40603699137967775,2.41972378453723,5.04,1.01,HV,LA
11,13,delta,-0.07319828964963238,1.0652806218802537,8.42,1.82,HV,LA
11,13,theta,-5.07819586672931,63.31872149434111,8.42,1.82,HV,LA
11,13,alpha,1.7045674063002423,18.06253457171382,8.42,1.82,HV,LA
11,13,beta,2.3369895033205577,11.762390339875221,8.42,1.82,HV,LA
11,13,gamma,1.1082990574449498,5.785022612678104,8.42,1.82,HV,LA
11,14,delta,-0.07768494508889756,0.7395758813112067,7.96,5.04,HV,LA
11,14,theta,-2.3946597271180963,69.83161743947159,7.96,5.04,HV,LA
11,14,alpha,0.967077043064215,17.844252131059832,7.96,5.04,HV,LA
11,14,beta,1.2051271388646274,9.512180364600098,7.96,5.04,HV,LA
11,14,gamma,0.29936262834589167,2.068653245405873,7.96,5.04,HV,LA
11,15,delta,-0.08144940754652041,1.117380044973808,6.92,1.06,HV,LA
11,15,theta,-2.9815166901655203,71.20105831347644,6.92,1.06,HV,LA
11,15,alpha,1.3502018357471446,16.45337879068118,6.92,1.06,HV,LA
11,15,beta,1.2672614059685685,8.531459037051807,6.92,1.06,HV,LA
11,15,gamma,0.44422237989443714,2.6935832681495224,6.92,1.06,HV,LA
11,16,delta,-0.18999639162524085,0.9192996120849612,4.35,1.23,HV,LA
11,16,theta,-8.587083523907843,62.226600118539636,4.35,1.23,HV,LA
11,16,alpha,2.4345808389091506,13.84650906368673,4.35,1.23,HV,LA
11,16,beta,4.154390738413314,14.113815622960075,4.35,1.23,HV,LA
11,16,gamma,2.182802431997965,8.876337405012201,4.35,1.23,HV,LA
11,17,delta,-0.12038504866120947,1.1559050728261746,8.32,3.19,HV,LA
11,17,theta,-2.8884922941937106,67.60137081982045,8.32,3.19,HV,LA
11,17,alpha,1.2644511821656899,16.73054978718605,8.32,3.19,HV,LA
11,17,beta,1.3376472356478004,10.709061001531833,8.32,3.19,HV,LA
11,17,gamma,0.4059371093003783,3.798679120660247,8.32,3.19,HV,LA
11,18,delta,-0.13755997491350802,0.9454039688252093,7.95,2.96,HV,LA
11,18,theta,-4.778935127478363,65.36507179234762,7.95,2.96,HV,LA
11,18,alpha,1.409820080500948,14.121124384005114,7.95,2.96,HV,LA
11,18,beta,2.0172705450925736,11.121378615725256,7.95,2.96,HV,LA
11,18,gamma,1.4865786128724512,8.437641020826252,7.95,2.96,HV,LA
11,19,delta,-0.09365904680236681,0.7045015173770849,5.54,2.6,HV,LA
11,19,theta,-0.3090729908193097,57.925540692590936,5.54,2.6,HV,LA
11,19,alpha,-0.3503975864606481,22.560461595795246,5.54,2.6,HV,LA
11,19,beta,0.6931148426557705,15.04544373333933,5.54,2.6,HV,LA
11,19,gamma,0.06045177873601304,3.7575470391955093,5.54,2.6,HV,LA
11,20,delta,-0.16545490873010738,0.7076305138086256,6.0,1.05,HV,LA
11,20,theta,-2.888018841487842,65.28899334157956,6.0,1.05,HV,LA
11,20,alpha,1.4671998778371176,17.61779867202573,6.0,1.05,HV,LA
11,20,beta,1.1937392491485586,11.896907320262464,6.0,1.05,HV,LA
11,20,gamma,0.3915801938619268,4.48231462140485,6.0,1.05,HV,LA
11,21,delta,-0.23182457375872745,1.4753979218317506,3.27,2.41,LV,LA
11,21,theta,-4.902274877621224,74.78745413981144,3.27,2.41,LV,LA
11,21,alpha,1.9679523426861802,11.050030868697352,3.27,2.41,LV,LA
11,21,beta,2.175025143971337,8.469913001710962,3.27,2.41,LV,LA
11,21,gamma,0.9895976819939101,4.210931924862582,3.27,2.41,LV,LA
11,22,delta,-0.21181764337148112,1.2156778367659846,6.15,1.17,LV,LA
11,22,theta,-6.391386248338186,64.67953286545372,6.15,1.17,LV,LA
11,22,alpha,1.7448813006463961,12.750122226203622,6.15,1.17,LV,LA
11,22,beta,2.827936514975491,12.427201676105689,6.15,1.17,LV,LA
11,22,gamma,2.0263568100677265,8.914729885527887,6.15,1.17,LV,LA
11,23,delta,-0.05432698003098779,0.900613401509994,3.72,2.73,LV,LA
11,23,theta,-4.5608933300077865,71.712790055949,3.72,2.73,LV,LA
11,23,alpha,1.594295835342539,15.468546926909482,3.72,2.73,LV,LA
11,23,beta,2.3479406227796673,8.72178005527432,3.72,2.73,LV,LA
11,23,gamma,0.6720413295397503,3.1927397731394627,3.72,2.73,LV,LA
11,24,delta,-0.14671083967678356,0.680686472612004,2.88,1.06,LV,LA
11,24,theta,-2.57361233210257,66.7543517683049,2.88,1.06,LV,LA
11,24,alpha,1.5810676853064614,18.04866606463156,2.88,1.06,LV,LA
11,24,beta,1.0240098346416637,11.66545761736421,2.88,1.06,LV,LA
11,24,gamma,0.11530318924642957,2.847788057007693,2.88,1.06,LV,LA
11,25,delta,-0.12353026947759405,0.9707213036634076,5.01,1.72,LV,LA
11,25,theta,-4.37417011565185,68.40328368560337,5.01,1.72,LV,LA
11,25,alpha,1.5187368161591497,13.76648451493907,5.01,1.72,LV,LA
11,25,beta,2.0147921917023623,11.653826950465852,5.01,1.72,LV,LA
11,25,gamma,0.9629217347851542,5.200584100346919,5.01,1.72,LV,LA
11,26,delta,-0.11524368058073708,1.4945258738868783,5.49,1.01,LV,LA
11,26,theta,-4.2734322833141505,71.0900994561102,5.49,1.01,LV,LA
11,26,alpha,1.8914121768949954,15.705472145755003,5.49,1.01,LV,LA
11,26,beta,2.0963568074815537,9.124886478431728,5.49,1.01,LV,LA
11,26,gamma,0.40033671624164135,2.582099411819703,5.49,1.01,LV,LA
11,27,delta,0.007585879053096489,0.724317187175451,2.28,7.2,LV,LA
11,27,theta,-3.1884356393681372,55.787935433314004,2.28,7.2,LV,LA
11,27,alpha,0.138354479412083,17.64947761424836,2.28,7.2,LV,LA
11,27,beta,1.738847260234671,16.094042255801956,2.28,7.2,LV,LA
11,27,gamma,1.3015894192379474,9.729017850420043,2.28,7.2,LV,LA
11,28,delta,-0.15178259250980708,0.8644456919661885,4.26,1.13,LV,LA
11,28,theta,-6.124663804385037,63.27245441008317,4.26,1.13,LV,LA
11,28,alpha,2.1217040382442462,17.26740425083529,4.26,1.13,LV,LA
11,28,beta,3.20447234479761,13.339710518977405,4.26,1.13,LV,LA
11,28,gamma,0.9495172406689649,5.250259547349369,4.26,1.13,LV,LA
11,29,delta,-0.11549500177531458,0.7527715522471179,2.32,2.83,LV,LA
11,29,theta,-5.696339664215614,64.94057714084865,2.32,2.83,LV,LA
11,29,alpha,2.644042308100893,17.728975039687946,2.32,2.83,LV,LA
11,29,beta,2.5833621882520017,12.797671634605814,2.32,2.83,LV,LA
11,29,gamma,0.5826658745703712,3.77557401382584,2.32,2.83,LV,LA
11,30,delta,-0.11327650528689337,0.7153584816905867,4.58,4.96,LV,LA
11,30,theta,-5.2163036514832015,56.952801540442636,4.58,4.96,LV,LA
11,30,alpha,0.6543726787092332,17.557226868257082,4.58,4.96,LV,LA
11,30,beta,2.739253310347779,14.753121961773846,4.58,4.96,LV,LA
11,30,gamma,1.9301117340137832,10.006212346746672,4.58,4.96,LV,LA
11,31,delta,-0.02004389916348137,0.6254323026212931,1.83,3.78,LV,HA
11,31,theta,-3.9637595953595266,64.426974443014,1.83,3.78,LV,HA
11,31,alpha,1.128158248187372,15.84301457703808,1.83,3.78,LV,HA
11,31,beta,1.924752820429724,11.970280593452935,1.83,3.78,LV,HA
11,31,gamma,0.929997932954322,7.128926616537185,1.83,3.78,LV,HA
11,32,delta,-0.12828074953624702,0.7731186922927538,5.01,6.83,LV,HA
11,32,theta,-3.5790003755942337,64.51541164455047,5.01,6.83,LV,HA
11,32,alpha,1.108769188317801,17.720191868632348,5.01,6.83,LV,HA
11,32,beta,1.8461979933536963,11.950679619448628,5.01,6.83,LV,HA
11,32,gamma,0.751233414968044,5.03394988883474,5.01,6.83,LV,HA
11,33,delta,-0.08776850896674682,0.7049265503895964,5.64,6.36,LV,HA
11,33,theta,-3.0319600156796866,64.79128250401912,5.64,6.36,LV,HA
11,33,alpha,1.2609192577861776,18.886424771764563,5.64,6.36,LV,HA
11,33,beta,1.458542626874225,12.19831169124463,5.64,6.36,LV,HA
11,33,gamma,0.3995854175935669,3.4129760052179376,5.64,6.36,LV,HA
11,34,delta,-0.11943303757723012,1.268897179051701,4.88,4.95,LV,HA
11,34,theta,-3.928465433695024,61.16424728996397,4.88,4.95,LV,HA
11,34,alpha,0.955904048751421,18.49695334568193,4.88,4.95,LV,HA
11,34,beta,2.2131782692595223,13.800375462564638,4.88,4.95,LV,HA
11,34,gamma,0.8776490555404912,5.262404374881635,4.88,4.95,LV,HA
11,35,delta,-0.07019380277471832,0.8988865398497962,1.23,8.1,LV,HA
11,35,theta,-2.5609883024003395,63.07485413484322,1.23,8.1,LV,HA
11,35,alpha,0.7269553731459943,17.15805864203967,1.23,8.1,LV,HA
11,35,beta,1.428989809871517,12.6320489387565,1.23,8.1,LV,HA
11,35,gamma,0.4743444736167577,6.227059622035922,1.23,8.1,LV,HA
11,36,delta,-0.047092668108549396,0.982326784121583,3.62,6.36,LV,HA
11,36,theta,-3.3046169907959637,63.91682656653266,3.62,6.36,LV,HA
11,36,alpha,1.5236980199329544,18.811171913173588,3.62,6.36,LV,HA
11,36,beta,1.5722584828787731,12.97209522185026,3.62,6.36,LV,HA
11,36,gamma,0.2553682267083568,3.3151026926045937,3.62,6.36,LV,HA
11,37,delta,-0.025642091703071634,0.6379983936987361,1.47,8.12,LV,HA
11,37,theta,-1.8194237544588532,59.71335941111667,1.47,8.12,LV,HA
11,37,alpha,0.7164096186634055,21.382238745889673,1.47,8.12,LV,HA
11,37,beta,0.959233822284455,13.806455565391005,1.47,8.12,LV,HA
11,37,gamma,0.16854119364706222,4.4544131994288065,1.47,8.12,LV,HA
11,38,delta,-0.022130372108580265,0.9120969871097813,1.35,7.45,LV,HA
11,38,theta,-1.8947607640833724,60.314525581340064,1.35,7.45,LV,HA
11,38,alpha,0.37210664445219166,20.503425503989774,1.35,7.45,LV,HA
11,38,beta,1.0267960379794552,13.747730108378207,1.35,7.45,LV,HA
11,38,gamma,0.517735353568292,4.513972489553873,1.35,7.45,LV,HA
11,39,delta,-0.08970834617635687,0.4897195675831233,1.0,8.7,LV,HA
11,39,theta,-2.6935268233784484,44.822683562713664,1.0,8.7,LV,HA
11,39,alpha,-0.7248402595034484,18.79402535050688,1.0,8.7,LV,HA
11,39,beta,1.6702940289366524,20.318340588152747,1.0,8.7,LV,HA
11,39,gamma,1.834541339049709,15.548643449951715,1.0,8.7,LV,HA
11,40,delta,-0.030995651615559727,0.6282781009349565,4.95,2.9,LV,HA
11,40,theta,-3.3931569264043517,61.027205560840585,4.95,2.9,LV,HA
11,40,alpha,1.0987795128904914,18.65787101500209,4.95,2.9,LV,HA
11,40,beta,1.3542421271254508,13.294569787661061,4.95,2.9,LV,HA
11,40,gamma,0.9702925096886865,6.3836692948772535,4.95,2.9,LV,HA
12,1,delta,0.37628443223725644,0.8723593407524262,7.09,7.1,HV,HA
12,1,theta,12.615350071509756,34.58170482372797,7.09,7.1,HV,HA
12,1,alpha,-4.011939002838579,8.014894399743312,7.09,7.1,HV,HA
12,1,beta,-2.56421640520578,23.476771502191365,7.09,7.1,HV,HA
12,1,gamma,-6.403515301914066,32.99494678667999,7.09,7.1,HV,HA
12,2,delta,0.24118278574657565,0.8152669516959952,6.09,7.14,HV,HA
12,2,theta,8.796030986425901,48.24088190464357,6.09,7.14,HV,HA
12,2,alpha,-5.632190915132785,11.178203647576602,6.09,7.14,HV,HA
12,2,beta,0.5549099929311225,17.93598133056447,6.09,7.14,HV,HA
12,2,gamma,-3.9575082170913376,21.804529925365042,6.09,7.14,HV,HA
12,3,delta,0.226510966498361,0.7415751306091471,7.33,7.33,HV,HA
12,3,theta,6.454845819240248,36.90133621909189,7.33,7.33,HV,HA
12,3,alpha,-1.256314398963351,8.564716823653512,7.33,7.33,HV,HA
12,3,beta,-1.3796896397513194,24.83457706394975,7.33,7.33,HV,HA
12,3,gamma,-4.042495382724223,28.91939275347638,7.33,7.33,HV,HA
12,4,delta,0.18054151817661684,0.6225638736600514,6.86,9.0,HV,HA
12,4,theta,19.256186271562814,37.044222143837516,6.86,9.0,HV,HA
12,4,alpha,-2.960116695199382,7.2254588166691525,6.86,9.0,HV,HA
12,4,beta,-5.492676632881643,22.918480000528564,6.86,9.0,HV,HA
12,4,gamma,-10.967761103233718,32.15588111837251,6.86,9.0,HV,HA
12,5,delta,0.1811512851706053,0.6395089154822984,4.01,8.21,HV,HA
12,5,theta,18.29376558592221,52.49602220132528,4.01,8.21,HV,HA
12,5,alpha,-3.2116181461177025,8.241665044207343,4.01,8.21,HV,HA
12,5,beta,-5.586845767523609,15.055086288888408,4.01,8.21,HV,HA
12,5,gamma,-9.656618512965862,23.534389259493196,4.01,8.21,HV,HA
12,6,delta,-0.11046901926000152,0.6760172719308066,6.65,7.08,HV,HA
12,6,theta,11.042506361167344,33.591778942776266,6.65,7.08,HV,HA
12,6,alpha,-1.7536616501457303,8.471986110371013,6.65,7.08,HV,HA
12,6,beta,-0.8114380555803464,22.819658679431665,6.65,7.08,HV,HA
12,6,gamma,-8.347955344493196,34.3966881166733,6.65,7.08,HV,HA
12,7,delta,0.18058873016491123,0.5103186182139825,6.77,7.01,HV,HA
12,7,theta,8.342362051296817,29.736003576659446,6.77,7.01,HV,HA
12,7,alpha,-1.3258143345752949,8.45546710232572,6.77,7.01,HV,HA
12,7,beta,-2.1649550980015775,27.81630666273147,6.77,7.01,HV,HA
12,7,gamma,-5.025880339443528,33.44378749106269,6.77,7.01,HV,HA
12,8,delta,0.258563705823341,0.6304074020997263,5.1,6.1,HV,HA
12,8,theta,17.329413495352437,39.452473154031935,5.1,6.1,HV,HA
12,8,alpha,-6.79350078065954,8.5445922328818,5.1,6.1,HV,HA
12,8,beta,-5.0594849627581056,22.504438473266262,5.1,6.1,HV,HA
12,8,gamma,-5.731281557663831,28.841006312563312,5.1,6.1,HV,HA
12,9,delta,0.19542204123301704,0.5166652068384631,7.95,8.74,HV,HA
12,9,theta,12.302935070634305,30.108842068179776,7.95,8.74,HV,HA
12,9,alpha,-0.643102634776346,7.080817245087898,7.95,8.74,HV,HA
12,9,beta,-0.8966197777988931,21.92817823227508,7.95,8.74,HV,HA
12,9,gamma,-10.950834339893216,40.32726485917797,7.95,8.74,HV,HA
12,10,delta,0.5538428622410472,0.8497483725524637,4.06,6.96,HV,HA
12,10,theta,14.320967916890059,42.73834898707375,4.06,6.96,HV,HA
12,10,alpha,-2.2348985798699115,7.957709262040149,4.06,6.96,HV,HA
12,10,beta,-3.6218291716751487,20.768926336143974,4.06,6.96,HV,HA
12,10,gamma,-9.011792891429174,27.661933864213943,4.06,6.96,HV,HA
12,11,delta,0.2951225189098651,0.7588384125141181,7.78,5.09,HV,LA
12,11,theta,16.223635623566743,35.8315715449948,7.78,5.09,HV,LA
12,11,alpha,-3.00758987267044,7.933269833956447,7.78,5.09,HV,LA
12,11,beta,-5.030296828483074,25.251839000337664,7.78,5.09,HV,LA
12,11,gamma,-8.474912994423503,30.192061689792872,7.78,5.09,HV,LA
12,12,delta,0.5287151369408937,1.0479400617339893,6.86,6.9,HV,LA
12,12,theta,15.452452317962425,56.84140809952627,6.86,6.9,HV,LA
12,12,alpha,-0.5828538329643465,7.242181046224816,6.86,6.9,HV,LA
12,12,beta,-7.83777347343343,16.095968698331074,6.86,6.9,HV,LA
12,12,gamma,-7.551933641844414,18.747496191406366,6.86,6.9,HV,LA
12,13,delta,-0.16535134790535466,0.833534330185645,7.99,6.91,HV,LA
12,13,theta,-3.065276620852096,56.60423952123395,7.99,6.91,HV,LA
12,13,alpha,-5.936339198334613,11.687797750496838,7.99,6.91,HV,LA
12,13,beta,3.367958219301311,16.3812743623303,7.99,6.91,HV,LA
12,13,gamma,5.798521519390119,14.477795145362599,7.99,6.91,HV,LA
12,14,delta,0.37737103893834456,0.6505635305457318,8.15,5.19,HV,LA
12,14,theta,13.492666944426201,37.62296284639895,8.15,5.19,HV,LA
12,14,alpha,-3.2282368294701893,6.658823756616309,8.15,5.19,HV,LA
12,14,beta,-3.892676322616868,25.172958448614786,8.15,5.19,HV,LA
12,14,gamma,-6.735516525655719,29.852077656094533,8.15,5.19,HV,LA
12,15,delta,0.5619307352766865,1.803244127703795,7.08,5.95,HV,LA
12,15,theta,2.4240681471669845,70.62027619592195,7.08,5.95,HV,LA
12,15,alpha,-4.5790638532660335,11.043755353504684,7.08,5.95,HV,LA
12,15,beta,0.8013253323971732,11.231253336192534,7.08,5.95,HV,LA
12,15,gamma,0.7876477970620792,5.291762976948982,7.08,5.95,HV,LA
12,16,delta,0.5001185181110478,0.7803982821388635,5.04,3.05,HV,LA
12,16,theta,10.258729344467795,35.69091541902157,5.04,3.05,HV,LA
12,16,alpha,-0.5557273128372735,8.049043484267184,5.04,3.05,HV,LA
12,16,beta,-3.1215647481367057,25.371937073398705,5.04,3.05,HV,LA
12,16,gamma,-7.078674670675873,30.07141357913001,5.04,3.05,HV,LA
12,17,delta,0.08270571636997232,0.41753336818278786,4.86,2.87,HV,LA
12,17,theta,8.372137269607506,35.17373545991654,4.86,2.87,HV,LA
12,17,alpha,-1.3910864186140284,7.695334487166902,4.86,2.87,HV,LA
12,17,beta,-1.2124034748029118,26.972798690789766,4.86,2.87,HV,LA
12,17,gamma,-5.842748332370871,29.70927224917122,4.86,2.87,HV,LA
12,18,delta,0.33442349815160766,0.7580474725050498,7.35,5.13,HV,LA
12,18,theta,13.509684636880912,36.679320676377635,7.35,5.13,HV,LA
12,18,alpha,-2.46935870568284,6.354039947434913,7.35,5.13,HV,LA
12,18,beta,-3.874756336416464,24.56011702973963,7.35,5.13,HV,LA
12,18,gamma,-7.491243941355533,31.60548387727894,7.35,5.13,HV,LA
12,19,delta,0.025833824705504438,0.6972629567886878,7.03,6.88,HV,LA
12,19,theta,9.192187261600473,36.40069733846033,7.03,6.88,HV,LA
12,19,alpha,-3.623505210630448,7.734318152522879,7.03,6.88,HV,LA
12,19,beta,0.6814639426228766,22.874072306578128,7.03,6.88,HV,LA
12,19,gamma,-6.261790423242228,32.2202125328446,7.03,6.88,HV,LA
12,20,delta,0.29531612761749865,0.5903733998880651,7.35,6.91,HV,LA
12,20,theta,12.934357983833575,38.13752626734275,7.35,6.91,HV,LA
12,20,alpha,0.32710737060157946,7.483663937628501,7.35,6.91,HV,LA
12,20,beta,-4.370995186649939,24.266899713505186,7.35,6.91,HV,LA
12,20,gamma,-9.177644866771319,29.48907525071779,7.35,6.91,HV,LA
12,21,delta,0.2916012363818696,0.6691016735361743,2.13,4.88,LV,LA
12,21,theta,19.34948168677486,37.58037970694404,2.13,4.88,LV,LA
12,21,alpha,-0.29719840363387284,6.579555524714726,2.13,4.88,LV,LA
12,21,beta,-7.199820628700856,23.26902024931994,2.13,4.88,LV,LA
12,21,gamma,-12.134548526643641,31.870467699361747,2.13,4.88,LV,LA
12,22,delta,0.46759835241929054,0.7186451550948476,3.33,3.17,LV,LA
12,22,theta,16.326226042147283,44.24038309086369,3.33,3.17,LV,LA
12,22,alpha,0.23267454341894656,6.450026281166927,3.33,3.17,LV,LA
12,22,beta,-7.630621301286649,22.009923280231305,3.33,3.17,LV,LA
12,22,gamma,-9.384595725745895,26.544563607334105,3.33,3.17,LV,LA
12,23,delta,0.3173000697984454,0.6039625279888825,1.74,3.15,LV,LA
12,23,theta,8.912186937486641,34.23312111981869,1.74,3.15,LV,LA
12,23,alpha,0.04655391138985543,6.350517894073846,1.74,3.15,LV,LA
12,23,beta,-2.6344024746943973,25.040292268626533,1.74,3.15,LV,LA
12,23,gamma,-6.627585819289855,33.71738812253881,1.74,3.15,LV,LA
12,24,delta,0.6561854413841667,1.0910096113721275,2.79,4.86,LV,LA
12,24,theta,14.102156204172505,33.20304146724272,2.79,4.86,LV,LA
12,24,alpha,-4.3932820506457055,8.016131576834177,2.79,4.86,LV,LA
12,24,beta,-4.914295671568436,26.682353937910598,2.79,4.86,LV,LA
12,24,gamma,-5.440768108208161,30.94570587031836,2.79,4.86,LV,LA
12,25,delta,0.23482014988257738,1.1168357332722803,2.78,5.1,LV,LA
12,25,theta,17.377245603788253,57.43826997372861,2.78,5.1,LV,LA
12,25,alpha,-1.972553535895484,6.066812454814304,2.78,5.1,LV,LA
12,25,beta,-8.163557402426747,16.625874978203335,2.78,5.1,LV,LA
12,25,gamma,-7.465144152530275,18.727877626439174,2.78,5.1,LV,LA
12,26,delta,0.1850257480607853,1.0635713768852018,6.08,5.14,LV,LA
12,26,theta,8.058272012910948,64.13107096423181,6.08,5.14,LV,LA
12,26,alpha,-7.123681492172235,9.30082307023433,6.08,5.14,LV,LA
12,26,beta,0.46066553423686685,14.941941936465534,6.08,5.14,LV,LA
12,26,gamma,-1.5824297023919502,10.548402526331433,6.08,5.14,LV,LA
12,27,delta,0.2641379895624697,0.9603733759406139,5.05,5.01,LV,LA
12,27,theta,2.201372613570662,60.70420994259142,5.05,5.01,LV,LA
12,27,alpha,-4.979131654562142,11.746813870398492,5.05,5.01,LV,LA
12,27,beta,2.4528484383532607,13.717768174493843,5.05,5.01,LV,LA
12,27,gamma,0.05721381415403304,12.854187714930198,5.05,5.01,LV,LA
12,28,delta,0.45066519953574824,1.1164604717856421,5.04,3.03,LV,LA
12,28,theta,12.631576540128844,38.856663834416324,5.04,3.03,LV,LA
12,28,alpha,-4.840933135372918,11.008592265921923,5.04,3.03,LV,LA
12,28,beta,-0.2944352027723163,22.769192165863842,5.04,3.03,LV,LA
12,28,gamma,-7.930914791433736,26.207926334387366,5.04,3.03,LV,LA
12,29,delta,0.2869855924027799,0.3651758014183342,1.67,5.21,LV,LA
12,29,theta,6.946428845595811,23.2187321965687,1.67,5.21,LV,LA
12,29,alpha,-0.8456569051173233,7.7039181397206775,1.67,5.21,LV,LA
12,29,beta,-2.896534651288036,32.18318206812857,1.67,5.21,LV,LA
12,29,gamma,-3.486246327679801,36.484681489361805,1.67,5.21,LV,LA
12,30,delta,0.4071191116305647,0.5378115313737887,3.36,7.18,LV,LA
12,30,theta,11.963648529309218,40.60170935873623,3.36,7.18,LV,LA
12,30,alpha,-0.9036493061834676,8.313334316716194,3.36,7.18,LV,LA
12,30,beta,-3.579859948270485,21.603189632261007,3.36,7.18,LV,LA
12,30,gamma,-7.884755676125913,28.913274837628386,3.36,7.18,LV,LA
12,31,delta,0.16138952558564978,0.4988827141905675,3.18,7.37,LV,HA
12,31,theta,8.757963642151292,30.824542932251376,3.18,7.37,LV,HA
12,31,alpha,0.2683515867355215,6.124700785890752,3.18,7.37,LV,HA
12,31,beta,-1.6435140943392774,26.818658853852448,3.18,7.37,LV,HA
12,31,gamma,-7.538839691709125,35.67717706441492,3.18,7.37,LV,HA
12,32,delta,0.40425669483520227,0.5873531815427036,1.86,6.95,LV,HA
12,32,theta,16.29239335738426,30.225428488676172,1.86,6.95,LV,HA
12,32,alpha,-4.556367524474815,7.394672746726499,1.86,6.95,LV,HA
12,32,beta,-2.925788637097199,25.457074167308384,1.86,6.95,LV,HA
12,32,gamma,-9.202560786862637,36.28013141404792,1.86,6.95,LV,HA
12,33,delta,0.4357063067591783,0.7592937785859337,1.9,7.97,LV,HA
12,33,theta,17.336414539574864,40.18938206771578,1.9,7.97,LV,HA
12,33,alpha,-0.00311664754889307,7.023304884815536,1.9,7.97,LV,HA
12,33,beta,-6.929304118433009,21.187192147482534,1.9,7.97,LV,HA
12,33,gamma,-10.821891902792075,30.79273895169918,1.9,7.97,LV,HA
12,34,delta,0.29713479416224103,0.7017288842235372,4.87,8.24,LV,HA
12,34,theta,16.618261792660313,39.979057837647815,4.87,8.24,LV,HA
12,34,alpha,-1.2132886577316917,6.807956453236544,4.87,8.24,LV,HA
12,34,beta,-6.458435157421505,22.417186086327863,4.87,8.24,LV,HA
12,34,gamma,-9.223910486199483,30.05043368075314,4.87,8.24,LV,HA
12,35,delta,0.18442340282886655,0.48765630811450145,1.22,8.9,LV,HA
12,35,theta,17.869234151750106,37.531050260956945,1.22,8.9,LV,HA
12,35,alpha,-1.2563011680264022,7.879087782653205,1.22,8.9,LV,HA
12,35,beta,-5.47116120604468,22.43790865964504,1.22,8.9,LV,HA
12,35,gamma,-11.30412778306523,31.62495410388953,1.22,8.9,LV,HA
12,36,delta,0.4580999170669723,0.4836517800481726,2.82,7.14,LV,HA
12,36,theta,17.778669796578473,41.3681712388381,2.82,7.14,LV,HA
12,36,alpha,-0.848149762690209,7.342203270129819,2.82,7.14,LV,HA
12,36,beta,-6.259978175127536,21.62663393942162,2.82,7.14,LV,HA
12,36,gamma,-11.113589039370742,29.142722652522018,2.82,7.14,LV,HA
12,37,delta,0.16969477862177781,0.5102025190678094,1.0,7.96,LV,HA
12,37,theta,15.24874629298576,39.80650826571906,1.0,7.96,LV,HA
12,37,alpha,-2.313063564674316,8.452997493109446,1.0,7.96,LV,HA
12,37,beta,-2.2761456724597444,20.89709435942372,1.0,7.96,LV,HA
12,37,gamma,-10.81628949043186,30.303081814755156,1.0,7.96,LV,HA
12,38,delta,-0.027223405392309663,0.4863400214158521,2.85,6.86,LV,HA
12,38,theta,8.871520417766874,27.737380175624487,2.85,6.86,LV,HA
12,38,alpha,-3.7840230807572635,7.346092182115479,2.85,6.86,LV,HA
12,38,beta,1.3386343825621125,24.926768302881563,2.85,6.86,LV,HA
12,38,gamma,-6.40273998506165,39.448598381214026,2.85,6.86,LV,HA
12,39,delta,0.11550458356207599,0.5457000513640353,3.18,7.17,LV,HA
12,39,theta,5.165856594704042,29.17214935642062,3.18,7.17,LV,HA
12,39,alpha,0.7416313148600882,7.068883638803905,3.18,7.17,LV,HA
12,39,beta,-0.08193488296227613,27.896752448469158,3.18,7.17,LV,HA
12,39,gamma,-5.928629835469838,35.275453704299935,3.18,7.17,LV,HA
12,40,delta,0.30022169386534914,0.678012284782932,6.81,8.72,LV,HA
12,40,theta,13.503348322751599,49.000711479756596,6.81,8.72,LV,HA
12,40,alpha,-1.1865519558270332,8.154817046938334,6.81,8.72,LV,HA
12,40,beta,-4.896178812028619,18.599879485058548,6.81,8.72,LV,HA
12,40,gamma,-7.715788600048102,23.537663497856567,6.81,8.72,LV,HA
13,1,delta,0.050951132904737406,0.5694525477364205,6.15,8.09,HV,HA
13,1,theta,3.5260344321196513,50.447428142190546,6.15,8.09,HV,HA
13,1,alpha,-1.1185005148780895,18.433531231208285,6.15,8.09,HV,HA
13,1,beta,-2.2459286180918276,22.39726231226669,6.15,8.09,HV,HA
13,1,gamma,-0.212683248271464,8.13855244158519,6.15,8.09,HV,HA
13,2,delta,0.24960947184693572,0.5824999235990931,4.03,7.51,HV,HA
13,2,theta,0.7014613994035983,47.23960876281852,4.03,7.51,HV,HA
13,2,alpha,-1.3062658933225961,19.681660971642977,4.03,7.51,HV,HA
13,2,beta,-0.4191109357711831,21.71817714831048,4.03,7.51,HV,HA
13,2,gamma,0.7730558123019762,10.760580897835952,4.03,7.51,HV,HA
13,3,delta,0.019089935911630385,0.5897075988644148,9.0,7.06,HV,HA
13,3,theta,0.05454859444959226,42.751856270988114,9.0,7.06,HV,HA
13,3,alpha,-1.9495284452362824,17.93386427437112,9.0,7.06,HV,HA
13,3,beta,-0.26277908885150936,23.177143878645335,9.0,7.06,HV,HA
13,3,gamma,2.1383329820067303,15.525789018372151,9.0,7.06,HV,HA
13,4,delta,-0.034947825615992134,0.28733936507540636,7.08,7.01,HV,HA
13,4,theta,-3.2101070806229366,29.79745446643194,7.08,7.01,HV,HA
13,4,alpha,-1.7720677574057966,13.432177110735285,7.08,7.01,HV,HA
13,4,beta,0.9663751580822684,27.32339051239576,7.08,7.01,HV,HA
13,4,gamma,4.036621612698358,29.122750508403172,7.08,7.01,HV,HA
13,5,delta,0.05573032155056101,0.5437250169472145,5.01,7.97,HV,HA
13,5,theta,0.7132923136487577,42.01518192538582,5.01,7.97,HV,HA
13,5,alpha,-1.2990116713175368,18.419223289077706,5.01,7.97,HV,HA
13,5,beta,-0.43477014277651804,24.633014425555267,5.01,7.97,HV,HA
13,5,gamma,0.9625785562324864,14.373242502236057,5.01,7.97,HV,HA
13,6,delta,0.1739118237013756,0.766939832024234,4.46,6.97,HV,HA
13,6,theta,2.387325257600068,52.42497155054544,4.46,6.97,HV,HA
13,6,alpha,-1.1465276382081555,19.944947506030708,4.46,6.97,HV,HA
13,6,beta,-0.9698563473479815,19.150988835233058,4.46,6.97,HV,HA
13,6,gamma,-0.4449330450828475,7.692443997152935,4.46,6.97,HV,HA
13,7,delta,0.04218238083058179,0.7885019954573345,2.99,8.03,HV,HA
13,7,theta,3.2589618339807274,52.8302299875059,2.99,8.03,HV,HA
13,7,alpha,-1.7407983069013753,18.92527419893267,2.99,8.03,HV,HA
13,7,beta,-1.1426448041835933,19.952114273431185,2.99,8.03,HV,HA
13,7,gamma,-0.4159633090293253,7.493962855272063,2.99,8.03,HV,HA
13,8,delta,0.04713791475008877,0.45702548344571736,7.99,7.03,HV,HA
13,8,theta,0.19745286764702286,44.590151230204626,7.99,7.03,HV,HA
13,8,alpha,-1.1803982950379925,17.732084792210813,7.99,7.03,HV,HA
13,8,beta,-0.4908904250826893,22.4653083965962,7.99,7.03,HV,HA
13,8,gamma,1.4205648051266184,14.72446163351676,7.99,7.03,HV,HA
13,9,delta,0.009860381262980278,0.4602356295077203,7.06,6.99,HV,HA
13,9,theta,-1.7855258263388336,35.87542002571688,7.06,6.99,HV,HA
13,9,alpha,-1.6899031544773493,14.31481638489207,7.06,6.99,HV,HA
13,9,beta,0.581655205737146,25.048203355987237,7.06,6.99,HV,HA
13,9,gamma,2.8799769099893027,24.271041845856978,7.06,6.99,HV,HA
13,10,delta,0.2140281844940347,0.8366299774632857,4.01,9.0,HV,HA
13,10,theta,2.666429573157714,53.78578644183921,4.01,9.0,HV,HA
13,10,alpha,-0.6058936039311043,19.86366891440465,4.01,9.0,HV,HA
13,10,beta,-1.7645994588506575,18.491735428680876,4.01,9.0,HV,HA
13,10,gamma,-0.5093551823715243,7.015059269095445,4.01,9.0,HV,HA
13,11,delta,-0.04691954479240512,0.5404084931092876,7.04,6.06,HV,LA
13,11,theta,0.6236769321095252,43.116921604789695,7.04,6.06,HV,LA
13,11,alpha,-1.8010988976799318,16.823974880608453,7.04,6.06,HV,LA
13,11,beta,-0.6213060273218787,22.306647654916702,7.04,6.06,HV,LA
13,11,gamma,1.8422652457524364,17.188049475600067,7.04,6.06,HV,LA
13,12,delta,0.06927322823672677,0.5234481467696098,5.08,3.08,HV,LA
13,12,theta,-0.1402608537933645,47.903343399216425,5.08,3.08,HV,LA
13,12,alpha,-0.6203933677564955,19.281879754983322,5.08,3.08,HV,LA
13,12,beta,-0.008042855548591632,21.585912533978213,5.08,3.08,HV,LA
13,12,gamma,0.697317823829362,10.691339614092499,5.08,3.08,HV,LA
13,13,delta,-0.01198202145055155,0.4262025495465295,9.0,7.06,HV,LA
13,13,theta,-1.235292801686903,36.32391326921171,9.0,7.06,HV,LA
13,13,alpha,-1.7656330264882723,14.545870167774055,9.0,7.06,HV,LA
13,13,beta,-0.42384355703996235,25.116061628907445,9.0,7.06,HV,LA
13,13,gamma,3.433900701735599,23.561372184455358,9.0,7.06,HV,LA
13,14,delta,0.06910492756489683,0.6117587003238589,7.97,5.04,HV,LA
13,14,theta,-1.273164256231027,42.52561913625894,7.97,5.04,HV,LA
13,14,alpha,-1.3515351648371272,14.65457985451434,7.97,5.04,HV,LA
13,14,beta,0.4625568293078608,24.324688677012965,7.97,5.04,HV,LA
13,14,gamma,2.0950293697505025,17.85981176205599,7.97,5.04,HV,LA
13,15,delta,0.02105766896242045,1.0772486079882921,4.94,1.55,HV,LA
13,15,theta,3.2208920373273955,54.266173260711525,4.94,1.55,HV,LA
13,15,alpha,-1.3569683688456209,20.42888372942841,4.94,1.55,HV,LA
13,15,beta,-1.3045618633073204,17.901164171240328,4.94,1.55,HV,LA
13,15,gamma,-0.5788266387708445,6.317007039958513,4.94,1.55,HV,LA
13,16,delta,0.04479879375983953,0.4207775578961823,5.0,1.0,HV,LA
13,16,theta,4.595211860469092,37.469312615271654,5.0,1.0,HV,LA
13,16,alpha,-2.547232095708967,18.89998129855797,5.0,1.0,HV,LA
13,16,beta,-1.5903265241244284,31.3199202361629,5.0,1.0,HV,LA
13,16,gamma,-0.502215167379946,11.867211108590702,5.0,1.0,HV,LA
13,17,delta,0.15922237564188468,0.6480655089647438,5.99,5.03,HV,LA
13,17,theta,3.1648520335023207,51.476120472297794,5.99,5.03,HV,LA
13,17,alpha,-1.3398942929203592,20.731426786514383,5.99,5.03,HV,LA
13,17,beta,-1.5544080508669502,19.78294922761075,5.99,5.03,HV,LA
13,17,gamma,-0.4294074450361407,7.352472062987917,5.99,5.03,HV,LA
13,18,delta,-0.02961005465734798,0.2100272892066995,7.94,5.99,HV,LA
13,18,theta,-2.245096407325317,21.723738903173945,7.94,5.99,HV,LA
13,18,alpha,-1.7412291551732473,12.484721642353076,7.94,5.99,HV,LA
13,18,beta,0.29532052330092995,33.13308519799524,7.94,5.99,HV,LA
13,18,gamma,3.7246910171049876,32.40347375700792,7.94,5.99,HV,LA
13,19,delta,0.014714841283872349,0.4580263991012274,8.51,5.97,HV,LA
13,19,theta,-1.798029276132354,37.420992903329605,8.51,5.97,HV,LA
13,19,alpha,-1.1161694299386244,16.040678531325128,8.51,5.97,HV,LA
13,19,beta,0.5442415216148397,23.62243375782097,8.51,5.97,HV,LA
13,19,gamma,2.354770277697913,22.431847926266123,8.51,5.97,HV,LA
13,20,delta,0.08128872282053212,0.8272055782193797,7.6,6.06,HV,LA
13,20,theta,2.032921884639009,57.92759117499246,7.6,6.06,HV,LA
13,20,alpha,-0.5051020728929743,18.389988567258502,7.6,6.06,HV,LA
13,20,beta,-1.294534585723392,16.490940883969877,7.6,6.06,HV,LA
13,20,gamma,-0.31330426277251,6.356398153222443,7.6,6.06,HV,LA
13,21,delta,0.04328103186903687,0.577203739336765,2.0,6.0,LV,LA
13,21,theta,1.298861334245359,34.70731807381972,2.0,6.0,LV,LA
13,21,alpha,-2.1108728327793145,18.52165277407139,2.0,6.0,LV,LA
13,21,beta,0.11419747688846016,29.684941155496553,2.0,6.0,LV,LA
13,21,gamma,0.654089982683205,16.491189903107248,2.0,6.0,LV,LA
13,22,delta,0.10623145151677593,0.7384705676525062,4.01,4.96,LV,LA
13,22,theta,2.31355047667342,49.737294517261056,4.01,4.96,LV,LA
13,22,alpha,-0.16775656451591558,18.791718430562945,4.01,4.96,LV,LA
13,22,beta,-1.6488275984427432,22.479462771382927,4.01,4.96,LV,LA
13,22,gamma,-0.6007485242127846,8.240757636660224,4.01,4.96,LV,LA
13,23,delta,0.02100171786575933,0.4256068313324903,1.0,5.99,LV,LA
13,23,theta,0.872812587130511,37.52231868336473,1.0,5.99,LV,LA
13,23,alpha,-2.1444266273996035,16.64920015609807,1.0,5.99,LV,LA
13,23,beta,0.12020851506282071,28.758303414824788,1.0,5.99,LV,LA
13,23,gamma,1.1273965139464917,16.623446865858398,1.0,5.99,LV,LA
13,24,delta,0.0462103308486983,0.48044289466164003,2.97,4.04,LV,LA
13,24,theta,5.715223486187028,47.53585470478826,2.97,4.04,LV,LA
13,24,alpha,-2.1363611344188342,18.492658998762572,2.97,4.04,LV,LA
13,24,beta,-3.049711316039165,24.937138125432185,2.97,4.04,LV,LA
13,24,gamma,-0.5770178065950962,8.540358701849458,2.97,4.04,LV,LA
13,25,delta,0.00711360912514003,0.5370919732477544,3.97,6.04,LV,LA
13,25,theta,1.8474598577112715,47.58247248689528,3.97,6.04,LV,LA
13,25,alpha,0.0593942411393904,19.48489535765029,3.97,6.04,LV,LA
13,25,beta,-1.2749394602700725,23.68388989582609,3.97,6.04,LV,LA
13,25,gamma,-0.6348407555709841,8.692535586102927,3.97,6.04,LV,LA
13,26,delta,0.06892160562360672,0.6466398441006738,5.04,4.0,LV,LA
13,26,theta,1.9931731659889635,59.524940960909184,5.04,4.0,LV,LA
13,26,alpha,-0.5535582622813084,14.926406528563792,5.04,4.0,LV,LA
13,26,beta,-0.8856655280883814,17.571345530997217,5.04,4.0,LV,LA
13,26,gamma,-0.6222928190435297,7.324934095452376,5.04,4.0,LV,LA
13,27,delta,0.07921371659071541,0.8609966177035904,5.47,6.08,LV,LA
13,27,theta,1.708785288545279,54.96645688248918,5.47,6.08,LV,LA
13,27,alpha,-0.4302931587886647,20.337707226570497,5.47,6.08,LV,LA
13,27,beta,-0.973197448784024,17.827633713763337,5.47,6.08,LV,LA
13,27,gamma,-0.38507773618435426,5.9996038639958655,5.47,6.08,LV,LA
13,28,delta,0.0857281089516192,0.5884136008996075,7.08,8.01,LV,LA
13,28,theta,5.605809775155876,42.791321004898386,7.08,8.01,LV,LA
13,28,alpha,-2.1999168803854268,19.81610947933617,7.08,8.01,LV,LA
13,28,beta,-2.435966657138316,26.83644327155989,7.08,8.01,LV,LA
13,28,gamma,-1.0550069568768237,9.95469861728463,7.08,8.01,LV,LA
13,29,delta,0.01730891812590063,0.7511139602483161,4.04,7.04,LV,LA
13,29,theta,2.2531369948962734,46.66594423225629,4.04,7.04,LV,LA
13,29,alpha,-0.6034524418698162,20.335500634216846,4.04,7.04,LV,LA
13,29,beta,-1.288620200746724,23.49170612557931,4.04,7.04,LV,LA
13,29,gamma,-0.37568067643382896,8.742563549606718,4.04,7.04,LV,LA
13,30,delta,-0.012584009924791917,0.67809449254764,3.05,7.06,LV,LA
13,30,theta,5.038736009951222,52.66291910235174,3.05,7.06,LV,LA
13,30,alpha,-0.6463394041527764,19.297872631434018,3.05,7.06,LV,LA
13,30,beta,-3.22423488876235,20.757562694882765,3.05,7.06,LV,LA
13,30,gamma,-1.1518801429065295,6.592095216889192,3.05,7.06,LV,LA
13,31,delta,0.08114558042042297,0.5888500408055466,1.97,9.0,LV,HA
13,31,theta,1.260092177799777,48.50372114568076,1.97,9.0,LV,HA
13,31,alpha,-0.4397813855119672,19.448299389797167,1.97,9.0,LV,HA
13,31,beta,-1.1116063171392554,21.543213993143368,1.97,9.0,LV,HA
13,31,gamma,0.2102064651793185,9.90798651747548,1.97,9.0,LV,HA
13,32,delta,0.15376104402274826,0.5751266375946411,4.05,9.0,LV,HA
13,32,theta,4.670850217635866,49.03586350730292,4.05,9.0,LV,HA
13,32,alpha,-2.6525172522635287,18.37897535902909,4.05,9.0,LV,HA
13,32,beta,-1.500576599861141,22.747985048370197,4.05,9.0,LV,HA
13,32,gamma,-0.6707901802359117,9.250584820735282,4.05,9.0,LV,HA
13,33,delta,0.0663453416601657,0.6844076379829462,4.55,7.01,LV,HA
13,33,theta,2.7749137760504183,47.18960448696021,4.55,7.01,LV,HA
13,33,alpha,-0.982083209628037,18.244106485154646,4.55,7.01,LV,HA
13,33,beta,-1.416247000394275,24.273054845212886,4.55,7.01,LV,HA
13,33,gamma,-0.43963218074103416,9.597590641154708,4.55,7.01,LV,HA
13,34,delta,0.019167113407648095,0.6089327468830028,2.92,8.99,LV,HA
13,34,theta,1.9274750712495816,41.14264023125578,2.92,8.99,LV,HA
13,34,alpha,-1.39451155733542,17.08377604438599,2.92,8.99,LV,HA
13,34,beta,-0.6163766216442284,28.07452322336032,2.92,8.99,LV,HA
13,34,gamma,0.06488006151222692,13.074590626501495,2.92,8.99,LV,HA
13,35,delta,0.19564254138679138,0.8442627643604496,1.0,9.0,LV,HA
13,35,theta,3.4976845166881603,47.88955609165685,1.0,9.0,LV,HA
13,35,alpha,-1.0112023687647103,18.74137713973459,1.0,9.0,LV,HA
13,35,beta,-1.9705679807848178,23.24747910333022,1.0,9.0,LV,HA
13,35,gamma,-0.7113943613937188,9.265944335809042,1.0,9.0,LV,HA
13,36,delta,0.10173426731019364,0.6139996519589818,2.54,8.01,LV,HA
13,36,theta,3.3574956632168096,49.9529747213327,2.54,8.01,LV,HA
13,36,alpha,-1.1096430911552666,18.971676433998084,2.54,8.01,LV,HA
13,36,beta,-1.6384398474923927,21.85855044071264,2.54,8.01,LV,HA
13,36,gamma,-0.709397197616866,8.589717680953603,2.54,8.01,LV,HA
13,37,delta,0.025807581823517833,0.5117493471762526,1.0,8.97,LV,HA
13,37,theta,2.72376618455273,50.44089196182533,1.0,8.97,LV,HA
13,37,alpha,-0.8972472844437576,19.56201127617899,1.0,8.97,LV,HA
13,37,beta,-1.496355698853396,21.461952898409088,1.0,8.97,LV,HA
13,37,gamma,-0.35382447866299405,8.012006154382933,1.0,8.97,LV,HA
13,38,delta,0.11566120907648536,0.7592604990914322,1.0,9.0,LV,HA
13,38,theta,4.137828810931147,54.298982857517785,1.0,9.0,LV,HA
13,38,alpha,-1.1568064147070274,18.725637230752653,1.0,9.0,LV,HA
13,38,beta,-2.4888596860144077,18.7774414674064,1.0,9.0,LV,HA
13,38,gamma,-0.6072317431470671,7.426180247221712,1.0,9.0,LV,HA
13,39,delta,0.23621225816847924,0.6495702271189944,1.97,9.0,LV,HA
13,39,theta,9.146763955195027,53.04608275795597,1.97,9.0,LV,HA
13,39,alpha,-0.06332252682202366,18.298498142483155,1.97,9.0,LV,HA
13,39,beta,-3.3519172046064973,19.672423234716568,1.97,9.0,LV,HA
13,39,gamma,-5.953659103475518,8.324486694885612,1.97,9.0,LV,HA
13,40,delta,-0.004636040753359327,0.4864544879640828,4.08,9.0,LV,HA
13,40,theta,1.8366875424827853,48.13192505484166,4.08,9.0,LV,HA
13,40,alpha,-0.9132336526890441,16.877337598698,4.08,9.0,LV,HA
13,40,beta,-1.0154914552862273,23.23384347912988,4.08,9.0,LV,HA
13,40,gamma,0.09771814027544856,11.252233458089455,4.08,9.0,LV,HA
14,1,delta,-0.023153078854525222,0.7366500280318797,8.22,7.78,HV,HA
14,1,theta,-2.6070512058191753,45.30807296107833,8.22,7.78,HV,HA
14,1,alpha,-8.532990913904356,14.835219540775933,8.22,7.78,HV,HA
14,1,beta,2.5059444217068076,19.89013895246997,8.22,7.78,HV,HA
14,1,gamma,8.653258913105319,19.201439543184332,8.22,7.78,HV,HA
14,2,delta,0.18044342957051185,1.5543795969262093,6.05,7.9,HV,HA
14,2,theta,6.05511897446371,66.42704529525554,6.05,7.9,HV,HA
14,2,alpha,-5.980068733874848,13.956976591875712,6.05,7.9,HV,HA
14,2,beta,-2.832195359668404,11.833767515806871,6.05,7.9,HV,HA
14,2,gamma,2.5823372277723413,6.221763903342449,6.05,7.9,HV,HA
14,3,delta,0.07536652472237348,0.9454734879507865,7.5,6.68,HV,HA
14,3,theta,-0.938254994740106,48.28035457871316,7.5,6.68,HV,HA
14,3,alpha,-9.663929974953135,13.490811446180333,7.5,6.68,HV,HA
14,3,beta,-1.056299226501558,16.96155327069284,7.5,6.68,HV,HA
14,3,gamma,11.577585724476178,20.3015382972483,7.5,6.68,HV,HA
14,4,delta,0.11082021467999492,0.870161058254655,7.38,6.72,HV,HA
14,4,theta,-0.445291620453375,57.94329273506681,7.38,6.72,HV,HA
14,4,alpha,-5.066178889522714,15.21248227789831,7.38,6.72,HV,HA
14,4,beta,-0.3982007519185977,14.806273344494564,7.38,6.72,HV,HA
14,4,gamma,5.793858362816172,11.152324354476546,7.38,6.72,HV,HA
14,5,delta,0.1641732451829241,1.6647377233012286,3.99,7.06,HV,HA
14,5,theta,3.4546094243034844,84.55495824616341,3.99,7.06,HV,HA
14,5,alpha,-3.120394486659853,8.226838664517171,3.99,7.06,HV,HA
14,5,beta,-0.7542555456822218,3.809127613272664,3.99,7.06,HV,HA
14,5,gamma,0.25441320549289426,1.741279255947646,3.99,7.06,HV,HA
14,6,delta,-0.04947881720835734,0.7628495343251988,7.19,6.83,HV,HA
14,6,theta,0.5307591820209581,53.82193955679746,7.19,6.83,HV,HA
14,6,alpha,-7.445076955795283,14.814203478563407,7.19,6.83,HV,HA
14,6,beta,-0.3716238709239512,17.861530664407713,7.19,6.83,HV,HA
14,6,gamma,7.32459540904401,12.723810769344055,7.19,6.83,HV,HA
14,7,delta,0.10219037431923828,0.7681497752216373,6.85,5.53,HV,HA
14,7,theta,2.177198908860511,53.2782310320608,6.85,5.53,HV,HA
14,7,alpha,-4.886463504456884,15.163190603699597,6.85,5.53,HV,HA
14,7,beta,-1.3894599634807747,16.867794547674045,6.85,5.53,HV,HA
14,7,gamma,3.9965061595722506,13.905130389707665,6.85,5.53,HV,HA
14,8,delta,0.06713749478782971,0.872197162764845,7.0,6.21,HV,HA
14,8,theta,5.784788397055287,68.20738590837563,7.0,6.21,HV,HA
14,8,alpha,-5.959881158267073,14.712152279613461,7.0,6.21,HV,HA
14,8,beta,-1.1925277910403658,10.723081559303683,7.0,6.21,HV,HA
14,8,gamma,1.300974050059187,5.477495828190918,7.0,6.21,HV,HA
14,9,delta,0.2780958498680899,0.889658354633974,7.69,7.44,HV,HA
14,9,theta,3.0764771022353656,67.97654251255514,7.69,7.44,HV,HA
14,9,alpha,-4.969377641387869,13.900654920930503,7.69,7.44,HV,HA
14,9,beta,-1.7538461341526848,11.270922977832795,7.69,7.44,HV,HA
14,9,gamma,3.3645322387579677,5.955542314254171,7.69,7.44,HV,HA
14,10,delta,0.1568687961891877,1.3941646812674158,1.88,8.03,HV,HA
14,10,theta,6.711367349003076,76.61435287679035,1.88,8.03,HV,HA
14,10,alpha,-2.6012475427820974,12.683963254660224,1.88,8.03,HV,HA
14,10,beta,-3.396307603685738,6.92882829950247,1.88,8.03,HV,HA
14,10,gamma,-0.8703424250162981,2.3738679917862093,1.88,8.03,HV,HA
14,11,delta,0.07442121320417483,0.8774772147055834,8.03,4.26,HV,LA
14,11,theta,4.953636210208344,63.70480772905327,8.03,4.26,HV,LA
14,11,alpha,-4.800921808860899,13.906194613248992,8.03,4.26,HV,LA
14,11,beta,-1.569780010563516,13.81425683870502,8.03,4.26,HV,LA
14,11,gamma,1.3411582351255458,7.689095752792627,8.03,4.26,HV,LA
14,12,delta,0.007734076199501727,1.560035895842982,7.63,2.6,HV,LA
14,12,theta,1.8451127522256598,76.95104441805714,7.63,2.6,HV,LA
14,12,alpha,-2.890926108582466,9.605902820095196,7.63,2.6,HV,LA
14,12,beta,-1.0982458065551324,7.080763426764143,7.63,2.6,HV,LA
14,12,gamma,2.1337827923605257,4.796221679527296,7.63,2.6,HV,LA
14,13,delta,0.26896222548772386,0.8076813523624976,6.79,3.19,HV,LA
14,13,theta,5.865031695329321,65.25640095190468,6.79,3.19,HV,LA
14,13,alpha,-4.881311104201579,15.384603279308365,6.79,3.19,HV,LA
14,13,beta,-2.453285413769425,12.607404656538094,6.79,3.19,HV,LA
14,13,gamma,1.2023592994356553,5.9369079101063225,6.79,3.19,HV,LA
14,14,delta,-0.012900636401881549,0.9882154579481208,8.03,4.36,HV,LA
14,14,theta,6.136403884496673,70.15281753477431,8.03,4.36,HV,LA
14,14,alpha,-3.7524444349032393,12.337114247855318,8.03,4.36,HV,LA
14,14,beta,-2.524893700659362,11.55778512645899,8.03,4.36,HV,LA
14,14,gamma,0.15488092693743827,4.9567922026522,8.03,4.36,HV,LA
14,15,delta,-0.04800258107017197,1.0217671420891112,7.08,3.37,HV,LA
14,15,theta,5.00641602809484,63.733972227953075,7.08,3.37,HV,LA
14,15,alpha,-4.852493754058003,14.356957054426324,7.08,3.37,HV,LA
14,15,beta,-2.715582777731683,12.408206530195756,7.08,3.37,HV,LA
14,15,gamma,2.60733868608805,8.469746267333452,7.08,3.37,HV,LA
14,16,delta,0.08107353214014279,1.1188476824113849,3.96,2.35,HV,LA
14,16,theta,-0.5834619688811955,66.84903356472839,3.96,2.35,HV,LA
14,16,alpha,-4.338701253361865,10.781680517550479,3.96,2.35,HV,LA
14,16,beta,0.8425339209102631,12.109842133681164,3.96,2.35,HV,LA
14,16,gamma,3.990638198498985,9.124989583226217,3.96,2.35,HV,LA
14,17,delta,0.26119307736028585,1.1866069580802394,6.06,3.32,HV,LA
14,17,theta,3.034397072639706,77.88199806254414,6.06,3.32,HV,LA
14,17,alpha,-2.1766597578252362,9.986748447753527,6.06,3.32,HV,LA
14,17,beta,-1.4745177107311918,6.511080404453797,6.06,3.32,HV,LA
14,17,gamma,0.35341160659681403,4.427205224349336,6.06,3.32,HV,LA
14,18,delta,0.03145336847645874,0.9655464745858007,8.09,3.15,HV,LA
14,18,theta,-0.5777783413576287,68.91356682468201,8.09,3.15,HV,LA
14,18,alpha,-3.9424077026433366,11.623113155812463,8.09,3.15,HV,LA
14,18,beta,0.5932277188734929,9.954741551090763,8.09,3.15,HV,LA
14,18,gamma,3.8886391784593135,8.526066251324185,8.09,3.15,HV,LA
14,19,delta,-0.10655814209717185,0.8237656614677629,7.55,5.92,HV,LA
14,19,theta,1.19038348433115,54.87680062340068,7.55,5.92,HV,LA
14,19,alpha,-10.538761372073239,14.036366590494508,7.55,5.92,HV,LA
14,19,beta,0.22102467279183813,16.141918333165464,7.55,5.92,HV,LA
14,19,gamma,9.211532017332205,14.100260059313012,7.55,5.92,HV,LA
14,20,delta,0.13815751170381352,1.0404815777883007,7.33,6.63,HV,LA
14,20,theta,4.115926301713557,77.30947093213877,7.33,6.63,HV,LA
14,20,alpha,-1.8643595173618728,12.67840947563963,7.33,6.63,HV,LA
14,20,beta,-2.294067873313626,6.298568682541337,7.33,6.63,HV,LA
14,20,gamma,-0.09640822580304498,2.6680840025810086,7.33,6.63,HV,LA
14,21,delta,0.4056127847861668,1.2244248547060472,1.03,6.09,LV,LA
14,21,theta,5.227358398397051,59.29816223737798,1.03,6.09,LV,LA
14,21,alpha,-7.565544143586354,15.904412311295689,1.03,6.09,LV,LA
14,21,beta,-0.20759906754260982,15.243713538554982,1.03,6.09,LV,LA
14,21,gamma,2.1360339508078834,8.31719300852649,1.03,6.09,LV,LA
14,22,delta,0.09335739982059055,1.0886446088127646,4.1,3.14,LV,LA
14,22,theta,3.679681431001363,77.45952507557223,4.1,3.14,LV,LA
14,22,alpha,-4.2508140964295755,11.321926772356221,4.1,3.14,LV,LA
14,22,beta,-0.7268819657583734,6.450534219929229,4.1,3.14,LV,LA
14,22,gamma,1.2008209983607516,3.6746177570610365,4.1,3.14,LV,LA
14,23,delta,0.08902558122731652,0.9856727048698115,2.41,5.95,LV,LA
14,23,theta,4.524547292789208,64.86800646338145,2.41,5.95,LV,LA
14,23,alpha,-5.213551514132913,13.038114908732261,2.41,5.95,LV,LA
14,23,beta,-1.2940545797831575,12.453337731936653,2.41,5.95,LV,LA
14,23,gamma,1.8977758428151006,8.647699603914358,2.41,5.95,LV,LA
14,24,delta,0.1830152727989891,1.1642520585859388,2.36,6.19,LV,LA
14,24,theta,7.7524988967688415,76.18185547584991,2.36,6.19,LV,LA
14,24,alpha,-5.502369512381414,11.786851760761815,2.36,6.19,LV,LA
14,24,beta,-2.2845201339961374,8.00250652451185,2.36,6.19,LV,LA
14,24,gamma,-0.14308951072237086,2.8612565814749287,2.36,6.19,LV,LA
14,25,delta,0.13748926809876938,1.2355042562804281,3.87,3.09,LV,LA
14,25,theta,4.4921942572163545,68.54796157731568,3.87,3.09,LV,LA
14,25,alpha,-5.748212605034189,11.145673936003384,3.87,3.09,LV,LA
14,25,beta,-1.4472521195924184,10.904983985464085,3.87,3.09,LV,LA
14,25,gamma,2.5617174839779553,8.152756617780511,3.87,3.09,LV,LA
14,26,delta,0.18553295781011325,0.6405433283352236,3.28,2.32,LV,LA
14,26,theta,1.7866405890111707,70.18299281659299,3.28,2.32,LV,LA
14,26,alpha,-3.2074023949649657,10.330912748445854,3.28,2.32,LV,LA
14,26,beta,-2.1821259175239778,10.63939257480964,3.28,2.32,LV,LA
14,26,gamma,3.404843507413114,8.188335188390447,3.28,2.32,LV,LA
14,27,delta,0.22686004464101328,1.01808073588726,5.81,3.09,LV,LA
14,27,theta,8.272996948774122,65.32671962569188,5.81,3.09,LV,LA
14,27,alpha,-6.635321514307215,12.267246218132993,5.81,3.09,LV,LA
14,27,beta,-1.8996568485625964,13.101016451262076,5.81,3.09,LV,LA
14,27,gamma,0.03493572155099578,8.280064300623025,5.81,3.09,LV,LA
14,28,delta,0.007190814847234495,0.6996838870343225,2.53,2.96,LV,LA
14,28,theta,5.513346057500058,50.60821337503773,2.53,2.96,LV,LA
14,28,alpha,-4.037171189925942,20.883130069445787,2.53,2.96,LV,LA
14,28,beta,-2.313801001856387,19.460023053967326,2.53,2.96,LV,LA
14,28,gamma,0.8291114721637589,8.33827409604795,2.53,2.96,LV,LA
14,29,delta,0.05146189129468193,0.9344725780339098,2.92,5.96,LV,LA
14,29,theta,9.75884531957891,70.27030005656272,2.92,5.96,LV,LA
14,29,alpha,-8.219828932497084,15.217586767309118,2.92,5.96,LV,LA
14,29,beta,-2.00112419521993,9.441177097625955,2.92,5.96,LV,LA
14,29,gamma,0.41072879528721096,4.130842267418073,2.92,5.96,LV,LA
14,30,delta,0.25260840429761067,1.6984382564417095,1.1,5.94,LV,LA
14,30,theta,8.28502718026234,75.13403855509458,1.1,5.94,LV,LA
14,30,alpha,-5.384843437422894,14.406763680212523,1.1,5.94,LV,LA
14,30,beta,-2.361616100802845,6.666848103742986,1.1,5.94,LV,LA
14,30,gamma,-0.789924433762363,2.0896177649936214,1.1,5.94,LV,LA
14,31,delta,0.39226226519023877,0.8125646654475245,3.26,6.49,LV,HA
14,31,theta,4.076612538184428,61.92384289438583,3.26,6.49,LV,HA
14,31,alpha,-6.194246263278092,13.375490255858333,3.26,6.49,LV,HA
14,31,beta,-0.5744233556673741,14.364991018688057,3.26,6.49,LV,HA
14,31,gamma,2.2974234499364474,9.5133638148641,3.26,6.49,LV,HA
14,32,delta,0.0779143882728458,0.7553141255223939,1.99,6.95,LV,HA
14,32,theta,3.778267300599552,65.02699055677533,1.99,6.95,LV,HA
14,32,alpha,-6.3960480712089485,14.08776771153724,1.99,6.95,LV,HA
14,32,beta,-1.076307585847914,13.214939778959533,1.99,6.95,LV,HA
14,32,gamma,3.604100951486746,6.905463415182506,1.99,6.95,LV,HA
14,33,delta,0.0698113530065061,0.7461704342598937,3.18,5.83,LV,HA
14,33,theta,6.007558865866315,65.19351889009593,3.18,5.83,LV,HA
14,33,alpha,-7.650416539270765,12.690419836453916,3.18,5.83,LV,HA
14,33,beta,-0.2978498500727973,13.07033724834568,3.18,5.83,LV,HA
14,33,gamma,1.8683447560956052,8.28772545437152,3.18,5.83,LV,HA
14,34,delta,0.21863959184382542,0.607278355051546,2.5,6.08,LV,HA
14,34,theta,4.872548310331645,58.941714885319136,2.5,6.08,LV,HA
14,34,alpha,-3.920660171550132,19.11162229056653,2.5,6.08,LV,HA
14,34,beta,-2.4789421926560458,14.768035780908146,2.5,6.08,LV,HA
14,34,gamma,1.310949505870358,6.561646856854567,2.5,6.08,LV,HA
14,35,delta,-0.0027335837559828713,0.8900402473534296,2.68,6.17,LV,HA
14,35,theta,3.860080462135919,51.08065774470529,2.68,6.17,LV,HA
14,35,alpha,-6.252754784387662,14.433415936502106,2.68,6.17,LV,HA
14,35,beta,-0.6402092961707879,19.752307628642384,2.68,6.17,LV,HA
14,35,gamma,3.0297922916402946,13.823212809618486,2.68,6.17,LV,HA
14,36,delta,0.23735250337222652,0.770313847066245,2.01,6.21,LV,HA
14,36,theta,8.418497586980493,55.197843766712175,2.01,6.21,LV,HA
14,36,alpha,-9.524976268961542,18.730773917782155,2.01,6.21,LV,HA
14,36,beta,-1.2270921810294269,16.864477242442824,2.01,6.21,LV,HA
14,36,gamma,2.0952226144144124,8.427893495382065,2.01,6.21,LV,HA
14,37,delta,0.02367122977971914,0.8211708056499004,3.47,5.96,LV,HA
14,37,theta,4.260414869930067,60.74247714778825,3.47,5.96,LV,HA
14,37,alpha,-7.088706689614863,14.211383623023014,3.47,5.96,LV,HA
14,37,beta,-0.27648830406984004,14.450472892849094,3.47,5.96,LV,HA
14,37,gamma,3.0777757777278625,9.766623706705856,3.47,5.96,LV,HA
14,38,delta,-0.06620258193460526,1.2435037181493158,2.26,5.77,LV,HA
14,38,theta,4.532386953095575,59.21219321531228,2.26,5.77,LV,HA
14,38,alpha,-7.1639949422342575,13.298342326481553,2.26,5.77,LV,HA
14,38,beta,-0.4019975418299637,15.860108981269686,2.26,5.77,LV,HA
14,38,gamma,3.0919215169849146,10.35998011884605,2.26,5.77,LV,HA
14,39,delta,-0.2897369123945097,1.5173028341637211,6.65,7.06,LV,HA
14,39,theta,-5.170951329631023,65.18563321654695,6.65,7.06,LV,HA
14,39,alpha,-5.90963930346757,11.372122768675606,6.65,7.06,LV,HA
14,39,beta,2.9262205205708973,11.243034343721831,6.65,7.06,LV,HA
14,39,gamma,8.445429096990493,10.666329354414964,6.65,7.06,LV,HA
14,40,delta,-0.14359441260619243,1.377357671547399,6.68,6.86,LV,HA
14,40,theta,3.7461767230987846,80.99167705214731,6.68,6.86,LV,HA
14,40,alpha,-4.79371813815523,10.261103172462787,6.68,6.86,LV,HA
14,40,beta,-0.8439869055753011,4.52741343877339,6.68,6.86,LV,HA
14,40,gamma,2.0321336018183906,2.8382956420713112,6.68,6.86,LV,HA
15,1,delta,-0.8190345528215275,0.8547962215679334,8.9,5.86,HV,HA
15,1,theta,-24.350631331967186,44.021857229834254,8.9,5.86,HV,HA
15,1,alpha,1.0202765244621794,9.651678310354598,8.9,5.86,HV,HA
15,1,beta,12.688539788018698,21.47256290401891,8.9,5.86,HV,HA
15,1,gamma,11.41771408876609,23.95993616221495,8.9,5.86,HV,HA
15,2,delta,0.26013166128029686,0.6445970540908792,5.04,4.06,HV,HA
15,2,theta,3.615436777056985,59.28892680416987,5.04,4.06,HV,HA
15,2,alpha,-0.4690092229762932,12.569756676577088,5.04,4.06,HV,HA
15,2,beta,-0.8703072669816265,14.413529749822011,5.04,4.06,HV,HA
15,2,gamma,-2.532263575344219,13.064442721026486,5.04,4.06,HV,HA
15,3,delta,-0.26653226766333526,1.070608698755805,8.04,5.0,HV,HA
15,3,theta,6.75970983268423,63.496031990709085,8.04,5.0,HV,HA
15,3,alpha,-2.5335468615799606,12.627956565975872,8.04,5.0,HV,HA
15,3,beta,-1.9122851281981124,11.911730115092073,8.04,5.0,HV,HA
15,3,gamma,-2.0436823829693918,10.876781445977631,8.04,5.0,HV,HA
15,4,delta,-0.08919432903831698,0.47575170512900067,8.04,3.96,HV,HA
15,4,theta,-11.900368852156276,48.13828734890427,8.04,3.96,HV,HA
15,4,alpha,-0.900478294585616,10.099282763331924,8.04,3.96,HV,HA
15,4,beta,3.218848495392912,19.51779128979057,8.04,3.96,HV,HA
15,4,gamma,9.666322290771106,21.73898757744392,8.04,3.96,HV,HA
15,5,delta,-0.22181000368411935,0.5025720263815441,9.0,7.15,HV,HA
15,5,theta,-8.507742272062913,26.823591115918944,9.0,7.15,HV,HA
15,5,alpha,-2.991334597837251,7.627002396800616,9.0,7.15,HV,HA
15,5,beta,3.46698215909106,26.768900536817412,9.0,7.15,HV,HA
15,5,gamma,8.216519902469145,38.23032740426723,9.0,7.15,HV,HA
15,6,delta,-0.05637569945076404,0.40753230561513304,9.0,5.13,HV,HA
15,6,theta,-10.70850895116876,37.93215222788136,9.0,5.13,HV,HA
15,6,alpha,-0.6201586238489583,10.626489724598098,9.0,5.13,HV,HA
15,6,beta,1.4354304248361878,22.64079181933396,9.0,5.13,HV,HA
15,6,gamma,9.917436677574784,28.355423096078596,9.0,5.13,HV,HA
15,7,delta,-0.2859992255078265,0.9869050078775661,5.04,3.06,HV,HA
15,7,theta,-5.309449457279804,63.696807668040215,5.04,3.06,HV,HA
15,7,alpha,0.13116883535680302,13.016858036970728,5.04,3.06,HV,HA
15,7,beta,1.7913760742709233,12.747976105356685,5.04,3.06,HV,HA
15,7,gamma,3.6636529945150738,9.539582506424775,5.04,3.06,HV,HA
15,8,delta,0.12612735622932825,0.6479003012576462,9.0,5.04,HV,HA
15,8,theta,-1.9987733116393542,71.89273200342839,9.0,5.04,HV,HA
15,8,alpha,0.10758664187962985,11.700109104509961,9.0,5.04,HV,HA
15,8,beta,1.1512714905923866,8.654679500568955,9.0,5.04,HV,HA
15,8,gamma,0.6170312463683896,7.095117599873743,9.0,5.04,HV,HA
15,9,delta,0.1518470807592508,0.5644223357270076,9.0,5.06,HV,HA
15,9,theta,7.606244591403229,36.18654756103288,9.0,5.06,HV,HA
15,9,alpha,-0.1320577688899789,10.231920986830163,9.0,5.06,HV,HA
15,9,beta,-4.137293741988753,24.65069374134482,9.0,5.06,HV,HA
15,9,gamma,-3.460273871265386,28.33077681516722,9.0,5.06,HV,HA
15,10,delta,-0.1938454022151339,1.082968260616423,4.99,5.04,HV,HA
15,10,theta,-2.329074822592972,71.20130494255254,4.99,5.04,HV,HA
15,10,alpha,-0.8928975668482071,11.932550421462734,4.99,5.04,HV,HA
15,10,beta,2.834656739344588,8.051936066029764,4.99,5.04,HV,HA
15,10,gamma,0.578976499862824,7.720519623693267,4.99,5.04,HV,HA
15,11,delta,-0.22440571632787343,1.112738290462447,8.99,5.01,HV,LA
15,11,theta,-9.028420807472237,62.643489935183425,8.99,5.01,HV,LA
15,11,alpha,-1.785714195912206,12.589823767122114,8.99,5.01,HV,LA
15,11,beta,4.04485941886397,11.97694443972601,8.99,5.01,HV,LA
15,11,gamma,6.9839023502483,11.657473686543176,8.99,5.01,HV,LA
15,12,delta,-0.0671034249857394,0.8753100226576573,7.08,2.99,HV,LA
15,12,theta,-5.912572389214105,68.14375929847463,7.08,2.99,HV,LA
15,12,alpha,-1.6165033558606687,12.575639293251882,7.08,2.99,HV,LA
15,12,beta,2.9028021753090023,9.727699862829631,7.08,2.99,HV,LA
15,12,gamma,4.718356927001228,8.664938264024537,7.08,2.99,HV,LA
15,13,delta,-0.199500700809641,1.0978921589215451,7.06,4.04,HV,LA
15,13,theta,-2.1207491779487597,59.063505747113794,7.06,4.04,HV,LA
15,13,alpha,-1.7877648051204815,11.139043081517078,7.06,4.04,HV,LA
15,13,beta,0.08426558175095522,12.959783728479694,7.06,4.04,HV,LA
15,13,gamma,4.007542370321662,15.715444934488216,7.06,4.04,HV,LA
15,14,delta,-0.22207107403032733,1.0554745262969956,8.15,3.95,HV,LA
15,14,theta,-3.9532375116011593,57.63029869055427,8.15,3.95,HV,LA
15,14,alpha,-1.99950838534369,11.80725851215988,8.15,3.95,HV,LA
15,14,beta,1.9349644891010662,14.483556100002499,8.15,3.95,HV,LA
15,14,gamma,4.237228037812679,15.009851470936251,8.15,3.95,HV,LA
15,15,delta,-0.32877211537851514,0.8749369720784052,8.12,4.03,HV,LA
15,15,theta,-16.48635734617826,63.370313744889934,8.12,4.03,HV,LA
15,15,alpha,0.4483214295556106,10.700893490419627,8.12,4.03,HV,LA
15,15,beta,6.422620619379945,12.91738774883822,8.12,4.03,HV,LA
15,15,gamma,9.927572546741873,12.112264445301465,8.12,4.03,HV,LA
15,16,delta,-0.10700940625053779,0.8270588590108064,4.17,2.95,HV,LA
15,16,theta,-7.861116569142666,74.95872758941852,4.17,2.95,HV,LA
15,16,alpha,1.9891792410401816,9.383258249065715,4.17,2.95,HV,LA
15,16,beta,2.4130510624729187,7.989106699875594,4.17,2.95,HV,LA
15,16,gamma,3.569768431065487,6.833536048346442,4.17,2.95,HV,LA
15,17,delta,-0.06313961866703466,0.9450714236563768,8.1,2.96,HV,LA
15,17,theta,-2.9473999452193524,67.99967381875587,8.1,2.96,HV,LA
15,17,alpha,0.16348300915377934,11.934568056173749,8.1,2.96,HV,LA
15,17,beta,1.9414760812670018,9.72760766659552,8.1,2.96,HV,LA
15,17,gamma,0.8930909762364365,9.37584225437669,8.1,2.96,HV,LA
15,18,delta,-0.44860476441521,1.23448276581682,7.04,4.05,HV,LA
15,18,theta,-14.009548420255499,66.87363092089149,7.04,4.05,HV,LA
15,18,alpha,-1.1968622464492071,10.190816750963046,7.04,4.05,HV,LA
15,18,beta,7.487760226455592,11.152807034785123,7.04,4.05,HV,LA
15,18,gamma,8.148004238143345,10.530189832326563,7.04,4.05,HV,LA
15,19,delta,-0.31526335897168534,0.9798449123634556,7.04,3.01,HV,LA
15,19,theta,-13.559462070091179,71.83449095091495,7.04,3.01,HV,LA
15,19,alpha,-0.5529606993791489,13.436875295830777,7.04,3.01,HV,LA
15,19,beta,5.380732027105495,8.444157353686775,7.04,3.01,HV,LA
15,19,gamma,9.039567467292514,5.296363918196914,7.04,3.01,HV,LA
15,20,delta,0.1450533346522983,0.8828410878820815,7.97,5.06,HV,LA
15,20,theta,4.9821507156149565,70.99952384309852,7.97,5.06,HV,LA
15,20,alpha,1.3650970101034332,14.403745749392197,7.97,5.06,HV,LA
15,20,beta,-0.7200434817628789,7.6301091633061375,7.97,5.06,HV,LA
15,20,gamma,-5.782887715918749,6.077476675787605,7.97,5.06,HV,LA
15,21,delta,0.3710008152781621,0.9177787113567388,3.09,3.14,LV,LA
15,21,theta,-1.0336351828353116,70.00665255031153,3.09,3.14,LV,LA
15,21,alpha,-0.5075344917212892,10.81310415238974,3.09,3.14,LV,LA
15,21,beta,0.7689250044519298,9.240426909614749,3.09,3.14,LV,LA
15,21,gamma,0.4037056903173468,9.006860178440084,3.09,3.14,LV,LA
15,22,delta,0.23010276890971948,1.1576047327662158,4.12,2.04,LV,LA
15,22,theta,5.185010743029977,76.35789807734024,4.12,2.04,LV,LA
15,22,alpha,-2.509630986742172,10.480440085861108,4.12,2.04,LV,LA
15,22,beta,-1.6321160768041905,6.505359440927657,4.12,2.04,LV,LA
15,22,gamma,-1.2695219406348865,5.48961492937383,4.12,2.04,LV,LA
15,23,delta,-0.22313311712821576,0.45723989846883767,3.05,4.12,LV,LA
15,23,theta,-5.588335946118292,75.17333679655738,3.05,4.12,LV,LA
15,23,alpha,0.17052137570371428,12.143800549482522,3.05,4.12,LV,LA
15,23,beta,3.265878337988693,7.231912359254265,3.05,4.12,LV,LA
15,23,gamma,2.36885684206632,4.98791795725602,3.05,4.12,LV,LA
15,24,delta,-0.01375034788784113,1.285857855752071,1.92,6.05,LV,LA
15,24,theta,-6.1488614805784465,63.95444677021837,1.92,6.05,LV,LA
15,24,alpha,-0.47079492961801783,10.964194138309615,1.92,6.05,LV,LA
15,24,beta,2.5741423252622617,12.804411329345937,1.92,6.05,LV,LA
15,24,gamma,4.050376126318509,10.973243682223522,1.92,6.05,LV,LA
15,25,delta,0.034887522984352826,0.9989643953535607,2.96,5.04,LV,LA
15,25,theta,-4.125216287814894,71.72239319929534,2.96,5.04,LV,LA
15,25,alpha,0.3670398234501455,10.216358418639343,2.96,5.04,LV,LA
15,25,beta,2.2186955993836,8.398959052494437,2.96,5.04,LV,LA
15,25,gamma,1.4991192177263626,8.647949742476513,2.96,5.04,LV,LA
15,26,delta,0.11734137331143346,1.0263276635705505,4.96,3.04,LV,LA
15,26,theta,-1.8866590760105026,75.25783586342351,4.96,3.04,LV,LA
15,26,alpha,0.6599539097266582,10.460775664964164,4.96,3.04,LV,LA
15,26,beta,0.8713698456981778,7.590571281330467,4.96,3.04,LV,LA
15,26,gamma,0.2365264310997235,5.655331585365969,4.96,3.04,LV,LA
15,27,delta,-0.1413324635916694,0.8981647209596568,6.0,4.14,LV,LA
15,27,theta,-5.201927858943904,70.10998188166259,6.0,4.14,LV,LA
15,27,alpha,1.3608309398347682,11.61587879434418,6.0,4.14,LV,LA
15,27,beta,2.672312177196754,9.226964878188209,6.0,4.14,LV,LA
15,27,gamma,1.3093592363920443,8.139055530347731,6.0,4.14,LV,LA
15,28,delta,-0.18808337186372237,0.971287889762628,4.01,4.97,LV,LA
15,28,theta,2.942856105553183,61.56048238388501,4.01,4.97,LV,LA
15,28,alpha,1.2149943543058086,11.424529504622006,4.01,4.97,LV,LA
15,28,beta,-1.8625834179210088,14.030562644349793,4.01,4.97,LV,LA
15,28,gamma,-2.1020724192180076,11.994981186593705,4.01,4.97,LV,LA
15,29,delta,0.06207325778430173,1.53820719564846,4.05,6.08,LV,LA
15,29,theta,2.0048193047903027,73.89756077440066,4.05,6.08,LV,LA
15,29,alpha,0.09955067356193226,12.321787508050473,4.05,6.08,LV,LA
15,29,beta,-0.9620613346074629,7.088247591978255,4.05,6.08,LV,LA
15,29,gamma,-1.2027260879111652,5.145341147440419,4.05,6.08,LV,LA
15,30,delta,-0.06044321734306679,0.7855495424730545,2.04,6.99,LV,LA
15,30,theta,-1.760808686868117,64.45539277483594,2.04,6.99,LV,LA
15,30,alpha,-0.7799054284796529,12.213767031562703,2.04,6.99,LV,LA
15,30,beta,0.5621767867108076,11.259300729873164,2.04,6.99,LV,LA
15,30,gamma,2.0334381608436853,11.274177408051862,2.04,6.99,LV,LA
15,31,delta,-0.24441916964962962,1.1100429595791355,2.99,4.01,LV,HA
15,31,theta,-8.979636786874735,67.09384250528882,2.99,4.01,LV,HA
15,31,alpha,-3.151269203884203,13.102873198591235,2.99,4.01,LV,HA
15,31,beta,6.450860068028248,10.019663227977517,2.99,4.01,LV,HA
15,31,gamma,5.919307352778281,8.66146418605477,2.99,4.01,LV,HA
15,32,delta,0.20521059888405652,0.3785541826201358,3.97,6.05,LV,HA
15,32,theta,3.7566966363662004,38.40216212952359,3.97,6.05,LV,HA
15,32,alpha,0.6668491654139093,9.392800768572489,3.97,6.05,LV,HA
15,32,beta,-4.07541412442141,25.416039781777933,3.97,6.05,LV,HA
15,32,gamma,-0.5213659408596385,26.376771683696333,3.97,6.05,LV,HA
15,33,delta,-0.18188725483096235,0.7150333463869911,3.01,4.01,LV,HA
15,33,theta,3.7837397434248743,54.94591498133386,3.01,4.01,LV,HA
15,33,alpha,-1.3010821277481739,11.983347599500517,3.01,4.01,LV,HA
15,33,beta,-0.01467764212272904,16.641918498012554,3.01,4.01,LV,HA
15,33,gamma,-2.265868690363453,15.687732377272182,3.01,4.01,LV,HA
15,34,delta,0.4122950728446655,0.8610392858223643,3.01,7.13,LV,HA
15,34,theta,7.167536931590156,51.738970119636335,3.01,7.13,LV,HA
15,34,alpha,2.213388561556693,9.436702997775708,3.01,7.13,LV,HA
15,34,beta,-3.624647985320969,18.07431372624943,3.01,7.13,LV,HA
15,34,gamma,-6.168416555214886,19.86284700458995,3.01,7.13,LV,HA
15,35,delta,-0.11161969387637383,0.6879319920249578,5.05,6.91,LV,HA
15,35,theta,2.624425283155759,55.6140740666182,5.05,6.91,LV,HA
15,35,alpha,1.5337565709373866,9.98935567147854,5.05,6.91,LV,HA
15,35,beta,-0.03159434417949747,14.568566480841962,5.05,6.91,LV,HA
15,35,gamma,-4.013365298757623,19.113015407319153,5.05,6.91,LV,HA
15,36,delta,-0.4069631735631625,0.9754185841414522,3.96,5.0,LV,HA
15,36,theta,-13.482385585480372,53.58995753525426,3.96,5.0,LV,HA
15,36,alpha,-1.1336604531216832,12.433556084897546,3.96,5.0,LV,HA
15,36,beta,6.796010188908264,17.02104364481866,3.96,5.0,LV,HA
15,36,gamma,8.211844155160257,15.965710791721119,3.96,5.0,LV,HA
15,37,delta,0.0029547908666031075,0.6330916600548404,3.04,5.04,LV,HA
15,37,theta,-2.066143386723894,75.68165919059933,3.04,5.04,LV,HA
15,37,alpha,-1.3763054603985374,12.904876886412563,3.04,5.04,LV,HA
15,37,beta,2.2568717314520326,6.293206675395382,3.04,5.04,LV,HA
15,37,gamma,1.1776842521754523,4.478318421212369,3.04,5.04,LV,HA
15,38,delta,-0.041571815955850355,0.7733272425782647,2.08,7.03,LV,HA
15,38,theta,7.1401025312120865,62.23014306922579,2.08,7.03,LV,HA
15,38,alpha,1.0124671116718051,10.286391493318863,2.08,7.03,LV,HA
15,38,beta,-3.5260118980404,13.513658566980581,2.08,7.03,LV,HA
15,38,gamma,-4.584299723019123,13.182032254624936,2.08,7.03,LV,HA
15,39,delta,0.057794515257226564,0.9864592804346596,4.0,5.03,LV,HA
15,39,theta,-2.231442137177851,71.80650850662965,4.0,5.03,LV,HA
15,39,alpha,0.42684937293302205,14.546207182747795,4.0,5.03,LV,HA
15,39,beta,0.08239214716303778,7.292130869784105,4.0,5.03,LV,HA
15,39,gamma,1.663629618558959,5.356248276691231,4.0,5.03,LV,HA
15,40,delta,-0.18935044397777656,0.7527467271112789,4.01,7.12,LV,HA
15,40,theta,-6.122504873567898,68.14665496894636,4.01,7.12,LV,HA
15,40,alpha,0.10030462443594068,12.067928721164485,4.01,7.12,LV,HA
15,40,beta,2.3782743330251908,10.718117660285408,4.01,7.12,LV,HA
15,40,gamma,3.819425512081576,8.302428124579073,4.01,7.12,LV,HA
16,1,delta,0.47168455755116034,0.6934995766282266,2.5100000000000002,5.65,HV,HA
16,1,theta,20.381375273358508,61.50756982760251,2.5100000000000002,5.65,HV,HA
16,1,alpha,-7.374589351133402,16.901712486699438,2.5100000000000002,5.65,HV,HA
16,1,beta,-9.599638998723417,13.43497797726998,2.5100000000000002,5.65,HV,HA
16,1,gamma,-3.8740285574217594,7.4525126642967265,2.5100000000000002,5.65,HV,HA
16,2,delta,0.24209042544015896,0.353366607143605,6.45,5.03,HV,HA
16,2,theta,4.211868329129899,23.076684915879667,6.45,5.03,HV,HA
16,2,alpha,-3.665981073627039,10.59754472567138,6.45,5.03,HV,HA
16,2,beta,-5.906190587682406,30.57006434140303,6.45,5.03,HV,HA
16,2,gamma,5.127761547151735,35.369565121113524,6.45,5.03,HV,HA
16,3,delta,0.4336047334257154,0.3868395429639152,6.74,5.83,HV,HA
16,3,theta,12.430772061837033,27.341782245962918,6.74,5.83,HV,HA
16,3,alpha,-2.3341279755725903,14.334442223607123,6.74,5.83,HV,HA
16,3,beta,-7.095398870254268,30.748185308943995,6.74,5.83,HV,HA
16,3,gamma,-3.4391125760992196,27.13719226346808,6.74,5.83,HV,HA
16,4,delta,0.3477938964424434,0.264959022699463,7.09,5.67,HV,HA
16,4,theta,0.20583326501242993,19.9827820627462,7.09,5.67,HV,HA
16,4,alpha,-4.363430046879522,6.911554760531898,7.09,5.67,HV,HA
16,4,beta,-4.466518693388068,31.80523812601618,7.09,5.67,HV,HA
16,4,gamma,8.272845022928806,40.97966303919364,7.09,5.67,HV,HA
16,5,delta,0.29740500735706665,0.3004454898417881,5.51,7.9,HV,HA
16,5,theta,16.38899611157345,34.428622760349825,5.51,7.9,HV,HA
16,5,alpha,-5.052163339635953,12.046083111264398,5.51,7.9,HV,HA
16,5,beta,-6.843507138927887,29.082507906110948,5.51,7.9,HV,HA
16,5,gamma,-4.800101550985957,24.10801772171139,5.51,7.9,HV,HA
16,6,delta,0.10823462794196498,0.31072918276210154,4.99,3.63,HV,HA
16,6,theta,1.8132308297406148,34.92977026278952,4.99,3.63,HV,HA
16,6,alpha,-1.539028200489561,18.523030078254525,4.99,3.63,HV,HA
16,6,beta,-1.0639728721726414,28.000907096944744,4.99,3.63,HV,HA
16,6,gamma,0.6876175669447449,18.219924545521554,4.99,3.63,HV,HA
16,7,delta,0.3221527027482804,0.49745376300456023,6.83,2.87,HV,HA
16,7,theta,10.083559344689736,39.74167646251065,6.83,2.87,HV,HA
16,7,alpha,-2.0961799065045117,17.346302116934623,6.83,2.87,HV,HA
16,7,beta,-8.684759006250381,24.940399706168527,6.83,2.87,HV,HA
16,7,gamma,0.3789312864268304,17.448302283396828,6.83,2.87,HV,HA
16,8,delta,0.29793009483927196,0.44198015360335996,3.51,2.88,HV,HA
16,8,theta,4.502434449725342,52.010882103528296,3.51,2.88,HV,HA
16,8,alpha,-2.587112642496894,22.707359618605544,3.51,2.88,HV,HA
16,8,beta,-4.9257338135816795,18.37567634125199,3.51,2.88,HV,HA
16,8,gamma,2.6907236462854502,6.4525203689206005,3.51,2.88,HV,HA
16,9,delta,0.8195310597096244,0.8337389730135858,4.18,4.24,HV,HA
16,9,theta,12.759366046914977,39.80562244524613,4.18,4.24,HV,HA
16,9,alpha,-3.306256045796461,15.077070603744751,4.18,4.24,HV,HA
16,9,beta,-9.605276809199502,24.517507416597358,4.18,4.24,HV,HA
16,9,gamma,-0.6541170199588713,19.744010432674145,4.18,4.24,HV,HA
16,10,delta,0.343363589786967,0.397166469639757,5.14,7.5,HV,HA
16,10,theta,12.725883177163102,36.76670446927078,5.14,7.5,HV,HA
16,10,alpha,-6.829746844543941,15.50142544067726,5.14,7.5,HV,HA
16,10,beta,-8.980903481578437,27.890434136379735,5.14,7.5,HV,HA
16,10,gamma,2.7541473295882977,19.414550575961933,5.14,7.5,HV,HA
16,11,delta,0.6767512994595231,0.6808301406042494,7.27,4.27,HV,LA
16,11,theta,16.415212362875554,48.68784118457426,7.27,4.27,HV,LA
16,11,alpha,-1.511316857818663,16.635846561702007,7.27,4.27,HV,LA
16,11,beta,-6.351914361674339,20.61242938114904,7.27,4.27,HV,LA
16,11,gamma,-9.221751373083727,13.368569088617793,7.27,4.27,HV,LA
16,12,delta,0.4782638619414261,1.075414589348686,5.97,3.9,HV,LA
16,12,theta,29.058849880270813,57.495217337336115,5.97,3.9,HV,LA
16,12,alpha,-5.669470314320444,12.536225561813747,5.97,3.9,HV,LA
16,12,beta,-13.862840049249607,16.735745106166366,5.97,3.9,HV,LA
16,12,gamma,-9.970652933079526,12.13523575112391,5.97,3.9,HV,LA
16,13,delta,0.4755346996691282,0.6535476332799193,3.88,2.14,HV,LA
16,13,theta,21.468834574343216,46.91579680450358,3.88,2.14,HV,LA
16,13,alpha,-3.0814292686641593,19.370918906644256,3.88,2.14,HV,LA
16,13,beta,-10.960068366449722,20.637577012223655,3.88,2.14,HV,LA
16,13,gamma,-7.887205183486303,12.401513738721055,3.88,2.14,HV,LA
16,14,delta,0.4040736651585688,0.7145389987120903,3.64,6.28,HV,LA
16,14,theta,21.351576857245973,57.85533101238141,3.64,6.28,HV,LA
16,14,alpha,-4.904882316964468,16.253447137724272,3.64,6.28,HV,LA
16,14,beta,-7.813765048470536,17.96783361471642,3.64,6.28,HV,LA
16,14,gamma,-9.024713069918086,7.197518098573404,3.64,6.28,HV,LA
16,15,delta,0.9732832692919001,0.952920300247355,2.67,5.53,HV,LA
16,15,theta,26.301721614608876,47.06342784875983,2.67,5.53,HV,LA
16,15,alpha,-5.806078620677676,14.07844349065656,2.67,5.53,HV,LA
16,15,beta,-11.964568741646115,23.706731048953756,2.67,5.53,HV,LA
16,15,gamma,-9.481765215753809,14.178266424015987,2.67,5.53,HV,LA
16,16,delta,0.7542243306852736,0.8118769727314934,4.97,1.0,HV,LA
16,16,theta,32.23056141589826,69.06462687092271,4.97,1.0,HV,LA
16,16,alpha,-5.6269717284326735,11.74234804577071,4.97,1.0,HV,LA
16,16,beta,-16.900301178828965,12.05373406283559,4.97,1.0,HV,LA
16,16,gamma,-10.424448411367432,6.31892877976359,4.97,1.0,HV,LA
16,17,delta,0.352858026725423,0.43114677236588583,1.21,8.47,HV,LA
16,17,theta,10.421399908497953,36.21366149137122,1.21,8.47,HV,LA
16,17,alpha,0.6130733251248799,19.481850695849477,1.21,8.47,HV,LA
16,17,beta,-4.089364545380249,26.67287682646729,1.21,8.47,HV,LA
16,17,gamma,-7.315862143031396,17.169373296613337,1.21,8.47,HV,LA
16,18,delta,0.7016152859299483,0.897269978783368,6.56,5.72,HV,LA
16,18,theta,18.655903637170177,60.15439945822398,6.56,5.72,HV,LA
16,18,alpha,-6.354470475328647,17.068140945318667,6.56,5.72,HV,LA
16,18,beta,-9.07653764320464,13.394570547022106,6.56,5.72,HV,LA
16,18,gamma,-3.918389342793848,8.472006563308128,6.56,5.72,HV,LA
16,19,delta,0.8168283774363992,0.5185216468522374,2.86,2.94,HV,LA
16,19,theta,20.275946233105493,41.46562234644509,2.86,2.94,HV,LA
16,19,alpha,0.18483726949757084,13.819146747606267,2.86,2.94,HV,LA
16,19,beta,-11.668419115156938,25.649954898391332,2.86,2.94,HV,LA
16,19,gamma,-9.577524600009328,18.517138768887953,2.86,2.94,HV,LA
16,20,delta,0.5555314450023175,0.6683205200923955,3.82,5.87,HV,LA
16,20,theta,15.953258844762516,53.96936531433771,3.82,5.87,HV,LA
16,20,alpha,-8.15530126882286,18.70530177442877,3.82,5.87,HV,LA
16,20,beta,-3.3266759097773786,18.12911026624435,3.82,5.87,HV,LA
16,20,gamma,-5.02468096889328,8.51401054755451,3.82,5.87,HV,LA
16,21,delta,0.565136807444073,0.9066332998359541,4.42,2.0,LV,LA
16,21,theta,20.503712471082494,58.03679678255923,4.42,2.0,LV,LA
16,21,alpha,-5.3062715167061825,21.992566530738834,4.42,2.0,LV,LA
16,21,beta,-9.750917803991493,13.836216628164511,4.42,2.0,LV,LA
16,21,gamma,-6.006668669290506,5.220431379822921,4.42,2.0,LV,LA
16,22,delta,0.5827809725046791,0.769204807982093,6.79,1.0,LV,LA
16,22,theta,38.83335050388254,61.45198275218502,6.79,1.0,LV,LA
16,22,alpha,-5.543468181951448,17.309900723727438,6.79,1.0,LV,LA
16,22,beta,-17.67477111097811,13.413304691702159,6.79,1.0,LV,LA
16,22,gamma,-16.1713411552082,7.0443677528648525,6.79,1.0,LV,LA
16,23,delta,0.6469215103606425,0.7332425262435072,3.9,3.83,LV,LA
16,23,theta,19.323651224803065,61.61149489466912,3.9,3.83,LV,LA
16,23,alpha,-3.6423076321568075,19.09570966840427,3.9,3.83,LV,LA
16,23,beta,-10.364723585061975,13.822125841690177,3.9,3.83,LV,LA
16,23,gamma,-5.9525307528108815,4.730329893036203,3.9,3.83,LV,LA
16,24,delta,0.6193452269182694,0.6560951756308672,2.5100000000000002,5.38,LV,LA
16,24,theta,16.805509947164296,61.33845534531778,2.5100000000000002,5.38,LV,LA
16,24,alpha,-8.890531231810154,19.385123200601992,2.5100000000000002,5.38,LV,LA
16,24,beta,-7.310155337071034,14.332210392015941,2.5100000000000002,5.38,LV,LA
16,24,gamma,-1.2232843283736754,4.280974861555347,2.5100000000000002,5.38,LV,LA
16,25,delta,0.5347901691707883,0.584550246193752,2.47,3.45,LV,LA
16,25,theta,23.928856405089633,59.28352609133522,2.47,3.45,LV,LA
16,25,alpha,-10.055206172267855,13.987195875265323,2.47,3.45,LV,LA
16,25,beta,-11.146428237696695,16.306275539057985,2.47,3.45,LV,LA
16,25,gamma,-3.2612309841019718,9.82579351531124,2.47,3.45,LV,LA
16,26,delta,0.9475979826151131,0.5942856142362438,1.82,6.21,LV,LA
16,26,theta,24.837520808780994,35.549374578571054,1.82,6.21,LV,LA
16,26,alpha,-6.51653252857059,11.416197936601701,1.82,6.21,LV,LA
16,26,beta,-10.47804602494245,29.282876898404684,1.82,6.21,LV,LA
16,26,gamma,-8.785709972992386,23.124203972004956,1.82,6.21,LV,LA
16,27,delta,0.5038668863648483,0.5481792196546282,2.59,5.49,LV,LA
16,27,theta,19.92164980503586,45.45906142242935,2.59,5.49,LV,LA
16,27,alpha,-1.2952644610229314,14.418059492261984,2.59,5.49,LV,LA
16,27,beta,-6.604796166058758,25.066160669774867,2.59,5.49,LV,LA
16,27,gamma,-12.487999929452894,14.49021029388362,2.59,5.49,LV,LA
16,28,delta,0.6310091600495877,0.6447256111152609,2.85,3.38,LV,LA
16,28,theta,15.362279222239746,44.24533195566816,2.85,3.38,LV,LA
16,28,alpha,-1.2733190002152153,18.36080586612444,2.85,3.38,LV,LA
16,28,beta,-9.29817922630097,23.404296086142285,2.85,3.38,LV,LA
16,28,gamma,-5.431122964545434,13.323244989840646,2.85,3.38,LV,LA
16,29,delta,0.3736895842182628,0.48586545711865525,3.23,2.79,LV,LA
16,29,theta,2.2576880609646253,52.42506962316645,3.23,2.79,LV,LA
16,29,alpha,-4.266421686894951,23.713650225324255,3.23,2.79,LV,LA
16,29,beta,-3.0514388983011393,17.991831566939688,3.23,2.79,LV,LA
16,29,gamma,4.677717144763761,5.378888594040917,3.23,2.79,LV,LA
16,30,delta,0.17351814435273438,0.40293070040482887,6.1,3.68,LV,LA
16,30,theta,20.282665608537606,42.45659649081307,6.1,3.68,LV,LA
16,30,alpha,0.1643232766104088,14.50962032732712,6.1,3.68,LV,LA
16,30,beta,-11.686603752024084,25.393557880517687,6.1,3.68,LV,LA
16,30,gamma,-8.933225808774512,17.210408772920317,6.1,3.68,LV,LA
16,31,delta,0.5388569346322485,0.5285758013480499,3.88,5.79,LV,HA
16,31,theta,29.4143223306874,44.35480671701844,3.88,5.79,LV,HA
16,31,alpha,-3.7590602531719597,14.328144236704304,3.88,5.79,LV,HA
16,31,beta,-12.434624656987442,22.86457167672591,3.88,5.79,LV,HA
16,31,gamma,-13.739830275049778,17.888324413602778,3.88,5.79,LV,HA
16,32,delta,0.5148384304688127,0.7074600327135248,5.01,8.12,LV,HA
16,32,theta,9.517037444158632,36.64777932362762,5.01,8.12,LV,HA
16,32,alpha,-3.7344259040110455,10.876195832944857,5.01,8.12,LV,HA
16,32,beta,-7.206088568138181,26.80242443243144,5.01,8.12,LV,HA
16,32,gamma,0.9017395754815567,24.93362186485114,5.01,8.12,LV,HA
16,33,delta,0.8047449261527178,0.8310188572283383,1.0,3.92,LV,HA
16,33,theta,30.535824949574874,53.432377214188236,1.0,3.92,LV,HA
16,33,alpha,-3.7531977771652123,15.546508333601562,1.0,3.92,LV,HA
16,33,beta,-15.349002120642448,18.538783218156833,1.0,3.92,LV,HA
16,33,gamma,-12.244404780402245,11.632280867730397,1.0,3.92,LV,HA
16,34,delta,0.2705855698592001,0.43046278274683225,1.0,7.53,LV,HA
16,34,theta,6.306358205089516,35.21207983992288,1.0,7.53,LV,HA
16,34,alpha,-7.084146789852069,13.47924573536868,1.0,7.53,LV,HA
16,34,beta,-3.485318907975543,25.13414358523534,1.0,7.53,LV,HA
16,34,gamma,3.9960196151852188,25.710878223553554,1.0,7.53,LV,HA
16,35,delta,0.5606604902623019,0.9057674418947717,1.0,3.71,LV,HA
16,35,theta,25.903083892696145,63.4389141175773,1.0,3.71,LV,HA
16,35,alpha,-3.5668801943606976,18.123151800682344,1.0,3.71,LV,HA
16,35,beta,-12.86179113547598,12.36842597378924,1.0,3.71,LV,HA
16,35,gamma,-10.013593027072794,5.1545231316137805,1.0,3.71,LV,HA
16,36,delta,0.01540174254783594,0.2619836941796911,5.05,3.83,LV,HA
16,36,theta,1.4502797990217005,40.14091300862529,5.05,3.83,LV,HA
16,36,alpha,-6.4363685799244585,26.73680840405009,5.05,3.83,LV,HA
16,36,beta,0.166206665832334,24.890263498819557,5.05,3.83,LV,HA
16,36,gamma,4.80134087421119,7.960223493380562,5.05,3.83,LV,HA
16,37,delta,0.15844719616426955,0.25379896950042236,6.09,5.5,LV,HA
16,37,theta,4.093402145254505,41.553442294658254,6.09,5.5,LV,HA
16,37,alpha,-3.534643836979825,22.19292957779474,6.09,5.5,LV,HA
16,37,beta,-3.8157451793001265,22.953519391280985,6.09,5.5,LV,HA
16,37,gamma,3.0827291925836278,13.029886863843444,6.09,5.5,LV,HA
16,38,delta,0.3638593718856228,0.3210543930272761,4.27,6.26,LV,HA
16,38,theta,7.640333441815535,36.726788758283256,4.27,6.26,LV,HA
16,38,alpha,0.2419097718826535,17.194504366952057,4.27,6.26,LV,HA
16,38,beta,-5.798427479468824,27.805042052714086,4.27,6.26,LV,HA
16,38,gamma,-2.469474216154424,17.92499814250185,4.27,6.26,LV,HA
16,39,delta,0.12472595262586034,0.18397290084668524,6.13,5.97,LV,HA
16,39,theta,7.85461377209252,27.473173488357308,6.13,5.97,LV,HA
16,39,alpha,-7.756507957194627,14.19980008484422,6.13,5.97,LV,HA
16,39,beta,-6.209590149736687,30.275824878655637,6.13,5.97,LV,HA
16,39,gamma,6.003472879618123,27.828939281784177,6.13,5.97,LV,HA
16,40,delta,0.1981899842085013,0.24578058933198543,3.74,3.77,LV,HA
16,40,theta,0.7604518605548769,31.68688672313988,3.74,3.77,LV,HA
16,40,alpha,5.857378683450175,20.830664312551754,3.74,3.77,LV,HA
16,40,beta,-6.434402064692232,29.01217508352089,3.74,3.77,LV,HA
16,40,gamma,-0.3798522962359847,18.192920087398424,3.74,3.77,LV,HA
17,1,delta,0.8114687109939853,1.0314967927669936,4.05,5.96,HV,HA
17,1,theta,45.157699960383006,78.52761506526875,4.05,5.96,HV,HA
17,1,alpha,-11.566697808644735,14.580228200981049,4.05,5.96,HV,HA
17,1,beta,-23.92144841844041,4.550340732222721,4.05,5.96,HV,HA
17,1,gamma,-10.454502117450634,1.3086734324100664,4.05,5.96,HV,HA
17,2,delta,1.0465316356364838,1.3327482138884146,7.26,7.03,HV,HA
17,2,theta,56.01686360949941,79.61185168079325,7.26,7.03,HV,HA
17,2,alpha,-3.1779100975376746,14.695498172668778,7.26,7.03,HV,HA
17,2,beta,-37.63154763158477,3.6441990810759646,7.26,7.03,HV,HA
17,2,gamma,-16.2439633689566,0.7142834234938942,7.26,7.03,HV,HA
17,3,delta,0.7645186579254066,0.9450131369474316,6.46,5.78,HV,HA
17,3,theta,65.8967754040797,81.45674950433082,6.46,5.78,HV,HA
17,3,alpha,-6.30236183759974,12.400742401845722,6.46,5.78,HV,HA
17,3,beta,-34.13726403032226,3.607243402884849,6.46,5.78,HV,HA
17,3,gamma,-26.19195261172909,1.588099507890555,6.46,5.78,HV,HA
17,4,delta,0.7639422115363619,1.1089768955508568,6.35,5.56,HV,HA
17,4,theta,46.132717722241736,79.39488662843556,6.35,5.56,HV,HA
17,4,alpha,-12.748927470809157,12.585464454658434,6.35,5.56,HV,HA
17,4,beta,-25.969228135293903,5.23819735229204,6.35,5.56,HV,HA
17,4,gamma,-8.170746223990955,1.6704587675435323,6.35,5.56,HV,HA
17,5,delta,1.438955820335572,2.031884159222261,7.05,8.15,HV,HA
17,5,theta,42.4848687136038,78.78693628389182,7.05,8.15,HV,HA
17,5,alpha,-13.572608167052556,12.769328323335591,7.05,8.15,HV,HA
17,5,beta,-21.038609354686375,4.683812789497569,7.05,8.15,HV,HA
17,5,gamma,-9.300543004168004,1.725487500993645,7.05,8.15,HV,HA
17,6,delta,0.9214207918679493,1.4252454610770033,6.9,5.95,HV,HA
17,6,theta,40.887742350167436,77.92843414124758,6.9,5.95,HV,HA
17,6,alpha,-7.02558437841542,14.680397923679557,6.9,5.95,HV,HA
17,6,beta,-20.512138139620788,4.5485562791706275,6.9,5.95,HV,HA
17,6,gamma,-14.261263402380928,1.4152354157486116,6.9,5.95,HV,HA
17,7,delta,1.136042772179752,1.1986259784981161,7.08,6.6,HV,HA
17,7,theta,70.10431686831329,77.76516921266462,7.08,6.6,HV,HA
17,7,alpha,-1.6472496779680679,13.211873226235838,7.08,6.6,HV,HA
17,7,beta,-37.73395440723632,5.599903969748244,7.08,6.6,HV,HA
17,7,gamma,-31.820043205775917,2.221407228377975,7.08,6.6,HV,HA
17,8,delta,0.6892996322173489,1.3176917018284864,6.05,4.99,HV,HA
17,8,theta,31.057086382102554,80.58957792815168,6.05,4.99,HV,HA
17,8,alpha,-6.005386964551855,13.97600247838355,6.05,4.99,HV,HA
17,8,beta,-18.004018680758662,3.476650834815781,6.05,4.99,HV,HA
17,8,gamma,-7.72657901210683,0.6394192200457243,6.05,4.99,HV,HA
17,9,delta,0.81205018597342,1.2994390856690083,6.04,6.13,HV,HA
17,9,theta,35.74977608842867,79.14850136765071,6.04,6.13,HV,HA
17,9,alpha,-7.591394870837645,13.657166820665061,6.04,6.13,HV,HA
17,9,beta,-20.56450163950363,4.213170487787657,6.04,6.13,HV,HA
17,9,gamma,-8.394463133134247,1.6807094748511233,6.04,6.13,HV,HA
17,10,delta,0.5226210960583513,1.041755292774704,6.09,7.05,HV,HA
17,10,theta,40.31381219702162,82.77985779929942,6.09,7.05,HV,HA
17,10,alpha,-13.955589170887555,12.512744403727076,6.09,7.05,HV,HA
17,10,beta,-20.61936808918487,3.111980493573833,6.09,7.05,HV,HA
17,10,gamma,-6.252215021993313,0.5527331119823636,6.09,7.05,HV,HA
17,11,delta,0.9981989123230844,1.1153366496363333,6.03,5.67,HV,LA
17,11,theta,60.425188533839474,81.62478895602807,6.03,5.67,HV,LA
17,11,alpha,-3.8771226840612716,11.927811318490168,6.03,5.67,HV,LA
17,11,beta,-37.236992760746496,3.927820795478578,6.03,5.67,HV,LA
17,11,gamma,-20.27127268312004,1.4029416827350087,6.03,5.67,HV,LA
17,12,delta,0.8327179888455493,1.3290890336083216,5.96,3.68,HV,LA
17,12,theta,40.31418317968638,81.70077797912505,5.96,3.68,HV,LA
17,12,alpha,-11.573447474243984,12.382451682182166,5.96,3.68,HV,LA
17,12,beta,-17.618316409428584,3.544932435901802,5.96,3.68,HV,LA
17,12,gamma,-11.93244065414345,1.0412433328439066,5.96,3.68,HV,LA
17,13,delta,0.6157839771478597,0.9376899914758101,4.54,5.51,HV,LA
17,13,theta,39.74077874011036,82.99908272373537,4.54,5.51,HV,LA
17,13,alpha,-8.28766886782544,12.182460195897994,4.54,5.51,HV,LA
17,13,beta,-19.237340210961907,3.2409776826510885,4.54,5.51,HV,LA
17,13,gamma,-12.814866196624314,0.638831246642237,4.54,5.51,HV,LA
17,14,delta,0.7804682902167811,0.9521185379837424,6.58,5.85,HV,LA
17,14,theta,69.28024259791337,81.14028402590861,6.58,5.85,HV,LA
17,14,alpha,1.1145730774326523,12.546233755435239,6.58,5.85,HV,LA
17,14,beta,-40.56800342227805,4.118348460971994,6.58,5.85,HV,LA
17,14,gamma,-30.55104899648288,1.2401817610082966,6.58,5.85,HV,LA
17,15,delta,1.2117561627713722,1.5284387341383405,5.96,4.06,HV,LA
17,15,theta,55.42275481614589,81.0847065642294,5.96,4.06,HV,LA
17,15,alpha,-6.224428028699656,12.24372484077763,5.96,4.06,HV,LA
17,15,beta,-34.25491608300528,3.97594840595972,5.96,4.06,HV,LA
17,15,gamma,-16.14262893484088,1.1661767842238722,5.96,4.06,HV,LA
17,16,delta,1.0573249661980544,1.483263982765028,5.92,3.62,HV,LA
17,16,theta,58.43318344667849,81.76255274380318,5.92,3.62,HV,LA
17,16,alpha,-2.2235825018427917,11.525652336362484,5.92,3.62,HV,LA
17,16,beta,-31.586106817536493,3.572880671218087,5.92,3.62,HV,LA
17,16,gamma,-25.642304997387512,1.6521452206906426,5.92,3.62,HV,LA
17,17,delta,0.6744454874158244,1.167919741106882,4.12,2.5,HV,LA
17,17,theta,38.1516873082828,82.5625529245869,4.12,2.5,HV,LA
17,17,alpha,-6.767700257096131,12.008038689781063,4.12,2.5,HV,LA
17,17,beta,-18.734851778312155,3.3777610921714825,4.12,2.5,HV,LA
17,17,gamma,-13.301348348351548,0.8825263205899261,4.12,2.5,HV,LA
17,18,delta,1.1712696120970938,1.8769471334044838,6.22,3.83,HV,LA
17,18,theta,42.511851564277585,84.24959101418193,6.22,3.83,HV,LA
17,18,alpha,-15.31448630638587,9.58646213401207,6.22,3.83,HV,LA
17,18,beta,-21.03055678206559,3.233427020284421,6.22,3.83,HV,LA
17,18,gamma,-7.326574873549379,1.0520849154033098,6.22,3.83,HV,LA
17,19,delta,1.2264389150376238,1.4940382811199084,7.27,6.03,HV,LA
17,19,theta,56.68594027266835,78.71710382468078,7.27,6.03,HV,LA
17,19,alpha,-5.069780355112776,13.277597482183666,7.27,6.03,HV,LA
17,19,beta,-33.84669599802319,4.916712110988701,7.27,6.03,HV,LA
17,19,gamma,-18.985047666575785,1.5923370943232702,7.27,6.03,HV,LA
17,20,delta,1.162861983386747,1.7171116758455665,7.03,3.88,HV,LA
17,20,theta,40.31719467130187,82.23169367990897,7.03,3.88,HV,LA
17,20,alpha,-12.810772338960671,11.339684380287848,7.03,3.88,HV,LA
17,20,beta,-21.766642136618653,3.589478514084555,7.03,3.88,HV,LA
17,20,gamma,-6.892442555257497,1.120598634758139,7.03,3.88,HV,LA
17,21,delta,1.1755915902515508,2.3171574755180133,4.0,4.09,LV,LA
17,21,theta,34.62312816693166,82.67853558496694,4.0,4.09,LV,LA
17,21,alpha,-15.195793706953372,11.155326842921358,4.0,4.09,LV,LA
17,21,beta,-17.6575125505504,3.183836498093327,4.0,4.09,LV,LA
17,21,gamma,-2.941923788797009,0.664076858581619,4.0,4.09,LV,LA
17,22,delta,0.5722352924807537,1.2092503158093546,3.19,3.82,LV,LA
17,22,theta,35.94173307191207,82.43965263634644,3.19,3.82,LV,LA
17,22,alpha,-14.365403337322462,10.889984100253539,3.19,3.82,LV,LA
17,22,beta,-14.734229993872951,3.9359656035378956,3.19,3.82,LV,LA
17,22,gamma,-7.402912969936172,1.5235368096057407,3.19,3.82,LV,LA
17,23,delta,0.3596470607832309,0.714243698989606,3.62,2.95,LV,LA
17,23,theta,36.72151525120509,82.85514544360822,3.62,2.95,LV,LA
17,23,alpha,-8.82015618455041,12.316279914575972,3.62,2.95,LV,LA
17,23,beta,-20.07513330665696,3.2600286286399056,3.62,2.95,LV,LA
17,23,gamma,-8.176580678635533,0.8527558430248039,3.62,2.95,LV,LA
17,24,delta,0.9027825355879928,1.821875885526096,4.53,4.27,LV,LA
17,24,theta,34.31388642534522,82.65784250337882,4.53,4.27,LV,LA
17,24,alpha,-15.63279194900026,11.007109503136089,4.53,4.27,LV,LA
17,24,beta,-16.960461191105686,3.330069924373813,4.53,4.27,LV,LA
17,24,gamma,-2.619766946737182,1.1815923811462392,4.53,4.27,LV,LA
17,25,delta,0.32229982730938733,1.0099193688780295,6.18,4.0,LV,LA
17,25,theta,35.46502374918118,84.49283596954794,6.18,4.0,LV,LA
17,25,alpha,-8.464090378064625,11.09990337323375,6.18,4.0,LV,LA
17,25,beta,-19.613896387012204,2.692173879998907,6.18,4.0,LV,LA
17,25,gamma,-7.696004510807922,0.704302662043711,6.18,4.0,LV,LA
17,26,delta,0.27458055780717616,0.6782616518647655,3.73,2.77,LV,LA
17,26,theta,34.44997956136619,81.89966939828224,3.73,2.77,LV,LA
17,26,alpha,-8.98496459518073,11.976780066121503,3.73,2.77,LV,LA
17,26,beta,-18.302281751257024,4.317076088750261,3.73,2.77,LV,LA
17,26,gamma,-7.4313709332522295,1.1270218071922482,3.73,2.77,LV,LA
17,27,delta,0.7017232329028407,1.4466435401912343,3.96,3.29,LV,LA
17,27,theta,33.047115246835006,82.55322536198022,3.96,3.29,LV,LA
17,27,alpha,-14.476313365873574,12.113047638598335,3.96,3.29,LV,LA
17,27,beta,-15.889533053398404,3.3547407471045494,3.96,3.29,LV,LA
17,27,gamma,-3.375329662569027,0.5315755807586686,3.96,3.29,LV,LA
17,28,delta,0.503089001227005,1.0536932997565147,5.64,3.78,LV,LA
17,28,theta,34.274356355416636,82.22334714281621,5.64,3.78,LV,LA
17,28,alpha,-8.45263667219774,12.959816573934667,5.64,3.78,LV,LA
17,28,beta,-18.80906359038726,3.1224041466162267,5.64,3.78,LV,LA
17,28,gamma,-7.4997533722531236,0.6400911212770661,5.64,3.78,LV,LA
17,29,delta,0.3443766140199124,1.133941059104135,5.54,5.0,LV,LA
17,29,theta,34.383714224730824,84.12811008642663,5.54,5.0,LV,LA
17,29,alpha,-15.838270538577842,11.287723769118331,5.54,5.0,LV,LA
17,29,beta,-15.488922628269982,2.921296205049705,5.54,5.0,LV,LA
17,29,gamma,-3.395785418645271,0.5281940184953371,5.54,5.0,LV,LA
17,30,delta,1.1018360837476289,1.6685234076472562,3.04,5.81,LV,LA
17,30,theta,46.53108689616272,79.70048661765185,3.04,5.81,LV,LA
17,30,alpha,-12.402926278714629,13.232708288192772,3.04,5.81,LV,LA
17,30,beta,-23.298781794549072,4.241306470374052,3.04,5.81,LV,LA
17,30,gamma,-11.912205423225647,1.1547327020148321,3.04,5.81,LV,LA
17,31,delta,1.5305766982227835,1.5922605921481119,4.54,5.69,LV,HA
17,31,theta,64.17355166300409,77.57302050172751,4.54,5.69,LV,HA
17,31,alpha,-3.680102646824226,14.355031297199778,4.54,5.69,LV,HA
17,31,beta,-33.77537027126064,4.5043126607851605,4.54,5.69,LV,HA
17,31,gamma,-28.159566314062822,1.9737556698872054,4.54,5.69,LV,HA
17,32,delta,0.6077541704305126,1.0453498655552758,4.04,5.86,LV,HA
17,32,theta,39.707600733526505,81.98573555582023,4.04,5.86,LV,HA
17,32,alpha,-11.29148659156504,12.895574038024716,4.04,5.86,LV,HA
17,32,beta,-18.248884492693538,3.2210210870272755,4.04,5.86,LV,HA
17,32,gamma,-10.761557520968383,0.8509777149671202,4.04,5.86,LV,HA
17,33,delta,0.691945022909912,1.3929558206195,3.83,5.74,LV,HA
17,33,theta,30.137085303451578,82.04359961209968,3.83,5.74,LV,HA
17,33,alpha,-7.741974307675175,12.984284628335352,3.83,5.74,LV,HA
17,33,beta,-16.23921503815246,2.87635366021652,3.83,5.74,LV,HA
17,33,gamma,-6.830723389866704,0.7020503239733116,3.83,5.74,LV,HA
17,34,delta,1.0397435976350904,1.3696983808923213,4.99,6.38,LV,HA
17,34,theta,56.029983963304076,80.82619254999591,4.99,6.38,LV,HA
17,34,alpha,-5.8348223529721,12.687728335716244,4.99,6.38,LV,HA
17,34,beta,-29.44849792227225,3.813808473800478,4.99,6.38,LV,HA
17,34,gamma,-21.76385862807178,1.301292109493105,4.99,6.38,LV,HA
17,35,delta,0.3216984711206099,0.9653079289345927,4.17,5.74,LV,HA
17,35,theta,38.330263758608204,80.18648658112733,4.17,5.74,LV,HA
17,35,alpha,-11.067436037906228,13.277242310393419,4.17,5.74,LV,HA
17,35,beta,-22.126142712241503,4.326866420373198,4.17,5.74,LV,HA
17,35,gamma,-5.449827517807971,1.24286030163843,4.17,5.74,LV,HA
17,36,delta,1.6732529801595586,2.0388132570431163,3.37,6.12,LV,HA
17,36,theta,47.91065035524022,78.13564033454693,3.37,6.12,LV,HA
17,36,alpha,-24.7479482598711,11.761224278239819,3.37,6.12,LV,HA
17,36,beta,-20.73434889151066,5.832363351235507,3.37,6.12,LV,HA
17,36,gamma,-4.092735634059892,2.2290879047479932,3.37,6.12,LV,HA
17,37,delta,0.7105821287041274,1.2795615762256247,3.46,7.03,LV,HA
17,37,theta,42.54250259146504,83.2563841981312,3.46,7.03,LV,HA
17,37,alpha,-18.48849334227142,10.976836477557988,3.46,7.03,LV,HA
17,37,beta,-20.365192270216987,3.4659688756759275,3.46,7.03,LV,HA
17,37,gamma,-4.394234361827212,1.019363370164931,3.46,7.03,LV,HA
17,38,delta,0.8278393115911008,1.3481604677612942,3.6,6.23,LV,HA
17,38,theta,42.928249301751094,81.75251867068802,3.6,6.23,LV,HA
17,38,alpha,-20.624605038123605,11.45995352143979,3.6,6.23,LV,HA
17,38,beta,-19.222280430323927,4.002886029509007,3.6,6.23,LV,HA
17,38,gamma,-3.9042432164635996,1.4346556031798081,3.6,6.23,LV,HA
17,39,delta,0.44895890284330536,0.763151185157417,7.1,7.03,LV,HA
17,39,theta,40.44134847190873,79.3850795600709,7.1,7.03,LV,HA
17,39,alpha,-9.253108964231991,14.699211405076923,7.1,7.03,LV,HA
17,39,beta,-21.090320333597585,4.074466374452486,7.1,7.03,LV,HA
17,39,gamma,-10.531337890215235,1.0755320242132873,7.1,7.03,LV,HA
17,40,delta,0.820325580808289,1.1169825901128285,5.04,6.03,LV,HA
17,40,theta,47.96779396912128,78.87902694551661,5.04,6.03,LV,HA
17,40,alpha,-4.658070235038959,14.793545190473893,5.04,6.03,LV,HA
17,40,beta,-25.787392988107293,4.404171426351023,5.04,6.03,LV,HA
17,40,gamma,-18.3178172204262,0.8053143130982277,5.04,6.03,LV,HA
18,1,delta,0.15735790967105598,0.29848347380422635,6.33,6.74,HV,HA
18,1,theta,31.737450070951407,48.943442470924765,6.33,6.74,HV,HA
18,1,alpha,2.479881365136505,21.32016305456841,6.33,6.74,HV,HA
18,1,beta,-17.57716091638711,19.254338609173825,6.33,6.74,HV,HA
18,1,gamma,-16.783873529138287,10.17214334641008,6.33,6.74,HV,HA
18,2,delta,0.26738845004789913,0.3268895987059077,6.87,6.09,HV,HA
18,2,theta,24.120878350176927,37.492581314633014,6.87,6.09,HV,HA
18,2,alpha,5.102783446536362,19.92173136262089,6.87,6.09,HV,HA
18,2,beta,-13.345462600278097,26.454758807388373,6.87,6.09,HV,HA
18,2,gamma,-16.113165402737213,15.780340579829806,6.87,6.09,HV,HA
18,3,delta,0.23223763109643175,0.5241083326018681,6.36,6.72,HV,HA
18,3,theta,-2.2456748887882405,27.5195947296561,6.36,6.72,HV,HA
18,3,alpha,-5.352620234945034,18.566887309800975,6.36,6.72,HV,HA
18,3,beta,5.291822880601764,28.622893996805725,6.36,6.72,HV,HA
18,3,gamma,2.110650173457099,24.741977562886127,6.36,6.72,HV,HA
18,4,delta,0.2666163319672007,0.5584132320041776,6.65,7.97,HV,HA
18,4,theta,16.26194204164632,47.00653312756465,6.65,7.97,HV,HA
18,4,alpha,-0.8276664665681466,24.991286033612077,6.65,7.97,HV,HA
18,4,beta,-7.421839020407109,19.30140333185316,6.65,7.97,HV,HA
18,4,gamma,-8.26430082055106,8.133281129094602,6.65,7.97,HV,HA
18,5,delta,0.15193402337361064,0.30102386092260064,6.13,7.72,HV,HA
18,5,theta,22.81474779179952,41.42491773131618,6.13,7.72,HV,HA
18,5,alpha,-1.765046823505319,22.050801693084725,6.13,7.72,HV,HA
18,5,beta,-9.753749036029863,23.410940560999613,6.13,7.72,HV,HA
18,5,gamma,-11.429290629218809,12.795599051869182,6.13,7.72,HV,HA
18,6,delta,0.08845558763482347,0.4214604799237242,6.51,6.04,HV,HA
18,6,theta,10.06307850774808,42.937601159020694,6.51,6.04,HV,HA
18,6,alpha,0.9831260036445819,23.268034325894153,6.51,6.04,HV,HA
18,6,beta,-5.949969277237862,23.91811591029409,6.51,6.04,HV,HA
18,6,gamma,-5.172084845710309,9.441812195711435,6.51,6.04,HV,HA
18,7,delta,0.09846781564578472,0.34435959259467974,7.33,6.94,HV,HA
18,7,theta,10.369124608736875,36.139762868034815,7.33,6.94,HV,HA
18,7,alpha,3.3884075123772686,20.253286570275367,7.33,6.94,HV,HA
18,7,beta,-3.6020935720241347,26.85031862816131,7.33,6.94,HV,HA
18,7,gamma,-10.210370197558401,16.392338888878484,7.33,6.94,HV,HA
18,8,delta,0.015973581738818632,0.37922215690110983,5.0,5.49,HV,HA
18,8,theta,-3.0708565092806452,39.89137882357613,5.0,5.49,HV,HA
18,8,alpha,-4.092092997367228,26.036760030379092,5.0,5.49,HV,HA
18,8,beta,2.3074901789367424,24.347189817611977,5.0,5.49,HV,HA
18,8,gamma,4.825238386728337,9.331664025725564,5.0,5.49,HV,HA
18,9,delta,0.4804628480048552,0.6705967330987457,6.55,6.03,HV,HA
18,9,theta,16.365333698199393,47.28253725271821,6.55,6.03,HV,HA
18,9,alpha,-0.5719388065783413,19.53791613612133,6.55,6.03,HV,HA
18,9,beta,-8.453916814318099,22.106090571200646,6.55,6.03,HV,HA
18,9,gamma,-7.816590293186795,10.390069377834548,6.55,6.03,HV,HA
18,10,delta,0.2412728693453028,0.444955370535119,6.09,7.29,HV,HA
18,10,theta,11.24237606335944,40.56458242848736,6.09,7.29,HV,HA
18,10,alpha,-0.9859028730955401,20.798701771436615,6.09,7.29,HV,HA
18,10,beta,-4.053642293922891,24.771714618667534,6.09,7.29,HV,HA
18,10,gamma,-6.438700055838902,13.390943285437622,6.09,7.29,HV,HA
18,11,delta,0.03931006115956026,0.34542834882737905,6.24,6.6,HV,LA
18,11,theta,18.749220736507336,44.60876389764228,6.24,6.6,HV,LA
18,11,alpha,2.954684845699372,24.34340914084765,6.24,6.6,HV,LA
18,11,beta,-8.689302806405543,21.04907668620436,6.24,6.6,HV,LA
18,11,gamma,-13.036916439710895,9.634273142897705,6.24,6.6,HV,LA
18,12,delta,0.24481464303070907,0.42231160067989393,5.55,4.63,HV,LA
18,12,theta,16.205210897256002,37.567581211341945,5.55,4.63,HV,LA
18,12,alpha,0.5344638514859774,22.854328561786673,5.55,4.63,HV,LA
18,12,beta,-5.036438072724007,25.342926074204165,5.55,4.63,HV,LA
18,12,gamma,-11.925664821821362,13.78872239061873,5.55,4.63,HV,LA
18,13,delta,0.20473169072898556,0.38235283521818453,7.33,4.09,HV,LA
18,13,theta,7.24451060999624,35.402429854858006,7.33,4.09,HV,LA
18,13,alpha,-1.1614293582978519,25.04929198326274,7.33,4.09,HV,LA
18,13,beta,-1.5049746729384204,26.34401588259525,7.33,4.09,HV,LA
18,13,gamma,-4.7875799774213394,12.799151814640195,7.33,4.09,HV,LA
18,14,delta,0.3966360961875569,0.6695461889693446,6.62,3.94,HV,LA
18,14,theta,23.88072276439469,52.701245416688025,6.62,3.94,HV,LA
18,14,alpha,-4.584438699543881,20.970347401851537,6.62,3.94,HV,LA
18,14,beta,-10.609436771857172,17.344355918407718,6.62,3.94,HV,LA
18,14,gamma,-9.060000418543815,8.304013511252078,6.62,3.94,HV,LA
18,15,delta,0.008605206194197579,0.3511873503244177,6.04,5.35,HV,LA
18,15,theta,-1.5585136609897319,44.27067589989295,6.04,5.35,HV,LA
18,15,alpha,-1.4693097024581796,23.30161392148047,6.04,5.35,HV,LA
18,15,beta,0.5966571600433994,23.657739469583742,6.04,5.35,HV,LA
18,15,gamma,2.414195632605967,8.404108091190476,6.04,5.35,HV,LA
18,16,delta,0.7556646690373482,0.9478289220222351,4.38,4.03,HV,LA
18,16,theta,20.392313009265422,51.948953064031514,4.38,4.03,HV,LA
18,16,alpha,-10.998916388217513,18.994696469504007,4.38,4.03,HV,LA
18,16,beta,-9.456043170604966,17.525343253408188,4.38,4.03,HV,LA
18,16,gamma,-0.6839609119391028,10.572234140493762,4.38,4.03,HV,LA
18,17,delta,0.5795410605717147,0.7101263305412753,7.74,5.77,HV,LA
18,17,theta,24.001303039600934,52.31593619844473,7.74,5.77,HV,LA
18,17,alpha,-4.856306351080136,23.819726513443044,7.74,5.77,HV,LA
18,17,beta,-10.500475042355635,16.853013525622867,7.74,5.77,HV,LA
18,17,gamma,-9.210291507333466,6.290972492167566,7.74,5.77,HV,LA
18,18,delta,0.2407261462250485,0.3562133216306968,7.05,3.08,HV,LA
18,18,theta,21.30227516933078,41.178024668369204,7.05,3.08,HV,LA
18,18,alpha,-0.03772375923371385,18.679881260835813,7.05,3.08,HV,LA
18,18,beta,-8.481934571675694,23.393154245752996,7.05,3.08,HV,LA
18,18,gamma,-13.042751479992372,16.351750863968952,7.05,3.08,HV,LA
18,19,delta,0.05695763175741686,0.608135834792177,7.04,6.83,HV,LA
18,19,theta,12.196868191705526,50.40951036278916,7.04,6.83,HV,LA
18,19,alpha,-0.46917086159484356,22.27763144291064,7.04,6.83,HV,LA
18,19,beta,-6.2804055958279505,18.8343146704208,7.04,6.83,HV,LA
18,19,gamma,-5.495549530875627,7.858624870679964,7.04,6.83,HV,LA
18,20,delta,0.09997539309612491,0.39059296694948054,6.24,5.71,HV,LA
18,20,theta,9.377228729382757,46.35150403224972,6.24,5.71,HV,LA
18,20,alpha,-0.029245655514213098,23.03162437395962,6.24,5.71,HV,LA
18,20,beta,-2.1288800321892616,22.21489360579327,6.24,5.71,HV,LA
18,20,gamma,-7.295762496289273,7.998732004978333,6.24,5.71,HV,LA
18,21,delta,0.07986428618584096,0.5306597262305814,3.92,4.33,LV,LA
18,21,theta,-0.10053843160886089,39.93579184512121,3.92,4.33,LV,LA
18,21,alpha,-4.450636898823493,23.794977540083458,3.92,4.33,LV,LA
18,21,beta,1.1392549689884959,26.04449394534586,3.92,4.33,LV,LA
18,21,gamma,3.320832765483754,9.679695198868835,3.92,4.33,LV,LA
18,22,delta,0.3226696670304179,0.7199995807408928,5.69,3.97,LV,LA
18,22,theta,12.944530356561081,47.100549201293646,5.69,3.97,LV,LA
18,22,alpha,-5.462381409298011,24.76778092328626,5.69,3.97,LV,LA
18,22,beta,-5.148408594094761,19.392997128745858,5.69,3.97,LV,LA
18,22,gamma,-2.652169080816604,8.007012263018929,5.69,3.97,LV,LA
18,23,delta,-0.1734610118690696,0.4468202726554325,3.71,4.31,LV,LA
18,23,theta,12.661105317581757,45.207412333071346,3.71,4.31,LV,LA
18,23,alpha,-7.139709518035648,26.65040661728056,3.71,4.31,LV,LA
18,23,beta,-4.4520466542793535,21.020388560128286,3.71,4.31,LV,LA
18,23,gamma,-0.8925433532283247,6.6637358168999015,3.71,4.31,LV,LA
18,24,delta,0.4852934260072088,0.7394999365606417,3.22,6.21,LV,LA
18,24,theta,19.307129298361076,50.95840226133681,3.22,6.21,LV,LA
18,24,alpha,-15.981129565925059,26.647518296875354,3.22,6.21,LV,LA
18,24,beta,-3.417625722928886,16.01866734695969,3.22,6.21,LV,LA
18,24,gamma,-0.39215799558658304,5.626824870161434,3.22,6.21,LV,LA
18,25,delta,0.3651267226235917,0.48461750684567473,4.23,5.6,LV,LA
18,25,theta,8.717230370810334,42.81936727310174,4.23,5.6,LV,LA
18,25,alpha,-12.95488354233284,26.98801539413003,4.23,5.6,LV,LA
18,25,beta,0.3113033536603069,21.104777291640325,4.23,5.6,LV,LA
18,25,gamma,3.55664250145203,8.59257804090243,4.23,5.6,LV,LA
18,26,delta,0.194580587987766,0.4629026741451008,5.44,3.08,LV,LA
18,26,theta,13.509298035120942,45.397427008995436,5.44,3.08,LV,LA
18,26,alpha,2.694542667293401,25.90923524418752,5.44,3.08,LV,LA
18,26,beta,-10.685096817870473,19.54559577870472,5.44,3.08,LV,LA
18,26,gamma,-5.697469283311078,8.672383000174333,5.44,3.08,LV,LA
18,27,delta,0.3277824317652389,0.764772120900894,5.94,5.24,LV,LA
18,27,theta,13.240970006859726,49.57402911500874,5.94,5.24,LV,LA
18,27,alpha,-5.772928178648776,23.592636834735828,5.94,5.24,LV,LA
18,27,beta,-4.787302796022669,18.849946266545757,5.94,5.24,LV,LA
18,27,gamma,-3.0125073835676854,7.208093293833109,5.94,5.24,LV,LA
18,28,delta,0.08803158101909542,0.23206982573235108,5.95,4.38,LV,LA
18,28,theta,6.554304348545525,30.971705279385066,5.95,4.38,LV,LA
18,28,alpha,-1.351134166448949,15.294968442519494,5.95,4.38,LV,LA
18,28,beta,-1.191768302610548,31.33496204125254,5.95,4.38,LV,LA
18,28,gamma,-4.096766842337427,22.13889165330115,5.95,4.38,LV,LA
18,29,delta,-0.12021105940602039,0.327975128138018,4.9,4.22,LV,LA
18,29,theta,-4.49776109615766,44.18292580981944,4.9,4.22,LV,LA
18,29,alpha,-3.544677144578589,25.13312536967915,4.9,4.22,LV,LA
18,29,beta,3.000382375519777,21.63111718905148,4.9,4.22,LV,LA
18,29,gamma,5.139222572030713,8.708480381822213,4.9,4.22,LV,LA
18,30,delta,0.04730179699032272,0.33000602161497194,2.96,5.51,LV,LA
18,30,theta,-0.5633350844260292,36.86293947340913,2.96,5.51,LV,LA
18,30,alpha,-6.253489298887491,19.169444832870425,2.96,5.51,LV,LA
18,30,beta,0.7888537611380251,28.60669189168271,2.96,5.51,LV,LA
18,30,gamma,5.9583671516867796,14.999319069148969,2.96,5.51,LV,LA
18,31,delta,0.007599610705496862,0.3837538720570097,4.44,6.05,LV,HA
18,31,theta,2.2000985425106734,46.46014264548503,4.44,6.05,LV,HA
18,31,alpha,-7.1938274532073745,19.656191813629906,4.44,6.05,LV,HA
18,31,beta,-1.6819353900420921,21.863738958453904,4.44,6.05,LV,HA
18,31,gamma,6.667716508104203,11.625077642186563,4.44,6.05,LV,HA
18,32,delta,0.1283923199162711,0.33687552392834724,4.62,6.73,LV,HA
18,32,theta,8.489041621999,35.69221019936816,4.62,6.73,LV,HA
18,32,alpha,-4.0889663117086545,20.998972511752303,4.62,6.73,LV,HA
18,32,beta,-1.9867728729609304,27.264258966980286,4.62,6.73,LV,HA
18,32,gamma,-2.5495383212958522,15.684125805344996,4.62,6.73,LV,HA
18,33,delta,0.23734153345639147,0.35660791481794885,4.56,4.15,LV,HA
18,33,theta,14.754024881651418,38.403020209134795,4.56,4.15,LV,HA
18,33,alpha,-0.5473628108715349,15.670240714320698,4.56,4.15,LV,HA
18,33,beta,-4.603097916233914,27.65028636884939,4.56,4.15,LV,HA
18,33,gamma,-9.801471228813675,17.89956483922355,4.56,4.15,LV,HA
18,34,delta,0.10347046592626541,0.3254803728550343,4.15,3.26,LV,HA
18,34,theta,1.248141870313809,38.53326023076601,4.15,3.26,LV,HA
18,34,alpha,-7.022685280280108,21.089460740505018,4.15,3.26,LV,HA
18,34,beta,1.1483490412023123,27.245571151313634,4.15,3.26,LV,HA
18,34,gamma,4.515800705203819,12.790152494024085,4.15,3.26,LV,HA
18,35,delta,0.08129220014983951,0.2767878340735465,5.12,7.06,LV,HA
18,35,theta,13.149800224095149,39.95203627703242,5.12,7.06,LV,HA
18,35,alpha,-3.4886894743566916,20.93697803344954,5.12,7.06,LV,HA
18,35,beta,-4.945723208595684,23.732419246795466,5.12,7.06,LV,HA
18,35,gamma,-4.8145936894550125,15.074541015526409,5.12,7.06,LV,HA
18,36,delta,-0.008390917775339346,0.22220302705551992,5.24,6.99,LV,HA
18,36,theta,1.0309842017792903,40.33357932199381,5.24,6.99,LV,HA
18,36,alpha,-7.156253885461602,23.852154622686264,5.24,6.99,LV,HA
18,36,beta,0.6423437088756252,24.075100191184923,5.24,6.99,LV,HA
18,36,gamma,5.482660966479637,11.496850858089584,5.24,6.99,LV,HA
18,37,delta,0.1773141107190152,0.37772177548675695,4.0,6.24,LV,HA
18,37,theta,10.575127102231747,44.411667882228855,4.0,6.24,LV,HA
18,37,alpha,-7.470521575378729,21.8764908267185,4.0,6.24,LV,HA
18,37,beta,-5.4302898817181,22.29963627982289,4.0,6.24,LV,HA
18,37,gamma,2.1568855010264816,11.023148139792571,4.0,6.24,LV,HA
18,38,delta,-0.09026640599617408,0.3148047896951325,4.51,4.04,LV,HA
18,38,theta,-3.1433736096504887,38.04819440782272,4.51,4.04,LV,HA
18,38,alpha,-4.09360185965344,20.913137372805917,4.51,4.04,LV,HA
18,38,beta,2.715089091287748,27.56940926362048,4.51,4.04,LV,HA
18,38,gamma,4.608391728646275,13.136841170058322,4.51,4.04,LV,HA
18,39,delta,0.05585444277262197,0.32263544888766754,4.06,4.58,LV,HA
18,39,theta,6.465804428923519,42.088741321607515,4.06,4.58,LV,HA
18,39,alpha,-3.644323915270654,20.527960608887074,4.06,4.58,LV,HA
18,39,beta,-2.876374582487717,24.031021471589085,4.06,4.58,LV,HA
18,39,gamma,0.004065723852958669,13.014349668306236,4.06,4.58,LV,HA
18,40,delta,0.0008073458795458399,0.2374671936739694,5.0,6.06,LV,HA
18,40,theta,2.7126096208912465,36.59269779063731,5.0,6.06,LV,HA
18,40,alpha,-7.566654862651834,21.680207404586334,5.0,6.06,LV,HA
18,40,beta,1.0676245946291019,27.303463694363906,5.0,6.06,LV,HA
18,40,gamma,3.7669836569865005,14.160850183359416,5.0,6.06,LV,HA
19,1,delta,0.24121833914545765,1.1149954856892415,7.44,6.45,HV,HA
19,1,theta,-2.775735042269659,58.87620998343765,7.44,6.45,HV,HA
19,1,alpha,-2.6403901475998595,15.46876662619438,7.44,6.45,HV,HA
19,1,beta,3.372077471942325,15.659298031056544,7.44,6.45,HV,HA
19,1,gamma,1.7998602846544371,8.868249224314443,7.44,6.45,HV,HA
19,2,delta,0.16995777790924516,1.2696470853794422,6.46,6.81,HV,HA
19,2,theta,-1.9161313250839385,59.11322135439032,6.46,6.81,HV,HA
19,2,alpha,-2.050674117689331,14.62270102978888,6.46,6.81,HV,HA
19,2,beta,2.457703386152912,15.822047641204012,6.46,6.81,HV,HA
19,2,gamma,1.3395821716969145,9.15884091804058,6.46,6.81,HV,HA
19,3,delta,0.6791805988326092,1.6410184908738858,6.82,7.04,HV,HA
19,3,theta,3.006822409703659,65.4402782487695,6.82,7.04,HV,HA
19,3,alpha,-2.6724786669671445,11.462655485076649,6.82,7.04,HV,HA
19,3,beta,0.04208838388482938,13.846049393519138,6.82,7.04,HV,HA
19,3,gamma,-1.053912534898532,7.601123051058482,6.82,7.04,HV,HA
19,4,delta,0.250741247988181,1.199968841328979,5.77,5.53,HV,HA
19,4,theta,-5.701642979596059,56.17847029180004,5.77,5.53,HV,HA
19,4,alpha,0.0074110261739583905,16.8437507416312,5.77,5.53,HV,HA
19,4,beta,4.0239343829126675,16.033512844692133,5.77,5.53,HV,HA
19,4,gamma,1.419114937757307,9.729151522287244,5.77,5.53,HV,HA
19,5,delta,0.10987229804134446,0.9000338778372781,7.79,8.62,HV,HA
19,5,theta,-5.846179693409667,57.413871469197154,7.79,8.62,HV,HA
19,5,alpha,0.7607030142141369,15.20207546199715,7.79,8.62,HV,HA
19,5,beta,3.6077422683280225,17.191948398602023,7.79,8.62,HV,HA
19,5,gamma,1.3656010733984139,9.280746344006511,7.79,8.62,HV,HA
19,6,delta,0.25501973534082056,0.8129541852168044,7.73,6.9,HV,HA
19,6,theta,-2.202011359414854,50.66369080404596,7.73,6.9,HV,HA
19,6,alpha,0.2512622686326207,14.510394752485475,7.73,6.9,HV,HA
19,6,beta,2.0786065928960085,20.06192600416965,7.73,6.9,HV,HA
19,6,gamma,-0.38515695362239377,13.926844267711154,7.73,6.9,HV,HA
19,7,delta,-0.48757187149787273,0.7670494176451701,6.64,6.59,HV,HA
19,7,theta,-7.98037646275418,50.191429359963536,6.64,6.59,HV,HA
19,7,alpha,1.7064605502296537,15.653211624882049,6.64,6.59,HV,HA
19,7,beta,4.84347339219918,19.640439842810345,6.64,6.59,HV,HA
19,7,gamma,1.9164340850036718,13.728438094014393,6.64,6.59,HV,HA
19,8,delta,-0.49636625997839157,0.6457510680720138,7.44,6.67,HV,HA
19,8,theta,-15.124047349592573,43.06675401051096,7.44,6.67,HV,HA
19,8,alpha,3.0120689875338993,17.344785912680017,7.44,6.67,HV,HA
19,8,beta,7.603665682409762,23.312235744342175,7.44,6.67,HV,HA
19,8,gamma,4.970975000261241,15.608072119631489,7.44,6.67,HV,HA
19,9,delta,0.4240461950958305,1.0738426279897981,7.09,5.67,HV,HA
19,9,theta,16.38407813212831,49.78850838684389,7.09,5.67,HV,HA
19,9,alpha,-3.7047344327945044,16.829947389179665,7.09,5.67,HV,HA
19,9,beta,-5.943683537870784,18.59912703465204,7.09,5.67,HV,HA
19,9,gamma,-7.158696218578249,13.687991338362853,7.09,5.67,HV,HA
19,10,delta,0.6668155586328754,1.37493975072874,5.01,7.67,HV,HA
19,10,theta,-2.4693830861562844,63.55898525958,5.01,7.67,HV,HA
19,10,alpha,-0.5725305020593972,12.407501914199974,5.01,7.67,HV,HA
19,10,beta,2.1523777756143287,14.961494277376914,5.01,7.67,HV,HA
19,10,gamma,0.221847962700068,7.689559098025223,5.01,7.67,HV,HA
19,11,delta,0.039121845968139946,1.188241148560131,5.83,5.63,HV,LA
19,11,theta,2.5426171340008636,55.77821164445092,5.83,5.63,HV,LA
19,11,alpha,-1.8479406539879175,13.71014361437878,5.83,5.63,HV,LA
19,11,beta,-0.08898463158803338,17.835762732027415,5.83,5.63,HV,LA
19,11,gamma,-0.6466592300512746,11.466943449291014,5.83,5.63,HV,LA
19,12,delta,-0.6558404574221349,0.7088640345539228,6.26,5.67,HV,LA
19,12,theta,-18.88294242941037,46.979492571372134,6.26,5.67,HV,LA
19,12,alpha,3.004705931393806,14.729902351154944,6.26,5.67,HV,LA
19,12,beta,9.727452771332528,22.48191844047209,6.26,5.67,HV,LA
19,12,gamma,6.783765981654483,15.07903222353233,6.26,5.67,HV,LA
19,13,delta,0.25190833396748835,1.194413993911026,7.53,6.49,HV,LA
19,13,theta,-5.511511305750716,55.05396605918874,7.53,6.49,HV,LA
19,13,alpha,0.15038736005634945,17.106287184270183,7.53,6.49,HV,LA
19,13,beta,3.6267723374098644,16.804257775924572,7.53,6.49,HV,LA
19,13,gamma,1.479270969740242,9.829452750827235,7.53,6.49,HV,LA
19,14,delta,0.4695667193022186,1.2052528989461417,6.76,3.01,HV,LA
19,14,theta,7.9718991533062535,61.17030522040612,6.76,3.01,HV,LA
19,14,alpha,-4.884504599911441,11.890832065105547,6.76,3.01,HV,LA
19,14,beta,-2.9945212781851422,15.530976786173841,6.76,3.01,HV,LA
19,14,gamma,-0.5641624495121347,10.185856886731234,6.76,3.01,HV,LA
19,15,delta,0.043304065889552934,0.9132338590658067,5.68,2.73,HV,LA
19,15,theta,-6.7063096229584005,58.2480580899429,5.68,2.73,HV,LA
19,15,alpha,1.4466752980319963,17.935696544641722,5.68,2.73,HV,LA
19,15,beta,3.929565777395247,14.783919654849253,5.68,2.73,HV,LA
19,15,gamma,1.2869404727460227,8.10543372848683,5.68,2.73,HV,LA
19,16,delta,0.7551034648376571,1.3716194470847363,3.24,1.95,HV,LA
19,16,theta,9.112656719427832,52.06194311919063,3.24,1.95,HV,LA
19,16,alpha,-4.090672126819976,12.362313905521408,3.24,1.95,HV,LA
19,16,beta,-2.6408836915587113,21.64629921596573,3.24,1.95,HV,LA
19,16,gamma,-3.131716240116363,12.542243817334466,3.24,1.95,HV,LA
19,17,delta,0.42260215541268464,1.1046565201272553,7.38,3.54,HV,LA
19,17,theta,7.676699129014949,61.74151364607165,7.38,3.54,HV,LA
19,17,alpha,-1.4455035600793043,14.260124550401002,7.38,3.54,HV,LA
19,17,beta,-2.6985838277346517,14.689185415348776,7.38,3.54,HV,LA
19,17,gamma,-3.9502849918542435,8.194321305413283,7.38,3.54,HV,LA
19,18,delta,-0.13992320674882786,1.1302122638452379,7.77,6.35,HV,LA
19,18,theta,-6.798584066354607,42.76357142434754,7.77,6.35,HV,LA
19,18,alpha,0.18813461640519868,18.907702008255303,7.77,6.35,HV,LA
19,18,beta,4.388795454519198,22.735975782106514,7.77,6.35,HV,LA
19,18,gamma,2.358437940618286,14.435543436993292,7.77,6.35,HV,LA
19,19,delta,-0.23367026273764457,0.6662463823020204,7.65,7.05,HV,LA
19,19,theta,-16.59818276802409,41.86345990775524,7.65,7.05,HV,LA
19,19,alpha,4.881026367381741,16.78836766605915,7.65,7.05,HV,LA
19,19,beta,7.909119408868983,24.379937931745623,7.65,7.05,HV,LA
19,19,gamma,4.035222074226826,16.273739460848727,7.65,7.05,HV,LA
19,20,delta,-0.3213439204016546,1.1243223161886042,6.13,6.01,HV,LA
19,20,theta,-1.0428992250411966,62.58389223437868,6.13,6.01,HV,LA
19,20,alpha,-1.1118435408259923,15.278936201852956,6.13,6.01,HV,LA
19,20,beta,2.003320301678742,14.521237285955639,6.13,6.01,HV,LA
19,20,gamma,0.4720905311544952,6.481393322488534,6.13,6.01,HV,LA
19,21,delta,0.46828891383162885,1.424894324644088,2.19,3.28,LV,LA
19,21,theta,1.427830395255171,57.40433873715726,2.19,3.28,LV,LA
19,21,alpha,-2.1152513135684075,14.493758061033736,2.19,3.28,LV,LA
19,21,beta,0.36489348115758613,16.36619794942981,2.19,3.28,LV,LA
19,21,gamma,-0.14363810683315048,10.295567753623558,2.19,3.28,LV,LA
19,22,delta,0.788545322072024,1.7276162323663424,5.04,4.87,LV,LA
19,22,theta,7.0759828950078685,59.05046397035079,5.04,4.87,LV,LA
19,22,alpha,-5.0894010611878375,14.145228232334615,5.04,4.87,LV,LA
19,22,beta,-1.1761670028216926,15.552578527008901,5.04,4.87,LV,LA
19,22,gamma,-1.5921442281365454,9.509105519516204,5.04,4.87,LV,LA
19,23,delta,0.7425439946565953,1.7440454800001168,3.77,3.74,LV,LA
19,23,theta,7.095059672390903,65.03989615035191,3.77,3.74,LV,LA
19,23,alpha,-6.3132475261674,13.738682010585991,3.77,3.74,LV,LA
19,23,beta,-1.094592560641515,13.2433186306747,3.77,3.74,LV,LA
19,23,gamma,-0.43059908604304464,6.226518911182485,3.77,3.74,LV,LA
19,24,delta,-0.3530091040116654,0.8051927100811966,3.23,4.01,LV,LA
19,24,theta,2.0050741416880413,44.73144196390153,3.23,4.01,LV,LA
19,24,alpha,-4.7265763331658786,19.14542425510884,3.23,4.01,LV,LA
19,24,beta,1.8626602079810057,22.038901516980882,3.23,4.01,LV,LA
19,24,gamma,1.2101041394300491,13.255559054001912,3.23,4.01,LV,LA
19,25,delta,0.7797339656047209,1.6094429638171945,2.19,3.81,LV,LA
19,25,theta,2.043843098501867,57.625653114075575,2.19,3.81,LV,LA
19,25,alpha,-3.9513703193546723,13.631195817055909,2.19,3.81,LV,LA
19,25,beta,0.6578919936564844,17.391669200544847,2.19,3.81,LV,LA
19,25,gamma,0.4698790556335046,9.732306615167595,2.19,3.81,LV,LA
19,26,delta,0.45923823518221063,1.7374605049678054,4.95,3.53,LV,LA
19,26,theta,2.259021552168832,60.73369559812603,4.95,3.53,LV,LA
19,26,alpha,-3.491850043830002,13.570511603525276,4.95,3.53,LV,LA
19,26,beta,1.2185654390209235,15.724111038963812,4.95,3.53,LV,LA
19,26,gamma,-0.444587804418342,8.226725507365776,4.95,3.53,LV,LA
19,27,delta,-0.04958842670144681,0.7859902191942783,4.97,2.97,LV,LA
19,27,theta,-4.844305362182055,55.3488698295121,4.97,2.97,LV,LA
19,27,alpha,-0.6147719184561655,17.74840758532047,4.97,2.97,LV,LA
19,27,beta,4.516283372325585,17.058846427722376,4.97,2.97,LV,LA
19,27,gamma,0.9911640150563206,9.048281406775882,4.97,2.97,LV,LA
19,28,delta,0.3990296787598848,1.0879539856492748,6.21,2.08,LV,LA
19,28,theta,0.9587177568384675,59.885453458921724,6.21,2.08,LV,LA
19,28,alpha,-3.8861844088104345,14.020180034054071,6.21,2.08,LV,LA
19,28,beta,1.5326789541572277,16.073895671597636,6.21,2.08,LV,LA
19,28,gamma,0.9937357418593165,8.921803096949468,6.21,2.08,LV,LA
19,29,delta,0.11575995834357822,0.9396022839676619,2.82,5.44,LV,LA
19,29,theta,-0.5576562296143948,49.15826512169769,2.82,5.44,LV,LA
19,29,alpha,-2.0561629304340716,14.455249745751711,2.82,5.44,LV,LA
19,29,beta,1.9720419955719422,22.50430758055089,2.82,5.44,LV,LA
19,29,gamma,0.5206719507219741,12.923687598902855,2.82,5.44,LV,LA
19,30,delta,0.11703424265598006,0.6827939733067101,2.85,2.26,LV,LA
19,30,theta,17.52763863293297,44.18854644153959,2.85,2.26,LV,LA
19,30,alpha,-4.31968819971857,12.818718520996153,2.85,2.26,LV,LA
19,30,beta,-7.098444420678405,24.22546639997413,2.85,2.26,LV,LA
19,30,gamma,-6.227547034949135,18.05463206291531,2.85,2.26,LV,LA
19,31,delta,0.49280885985426304,1.6098729635750582,5.03,5.88,LV,HA
19,31,theta,-0.3959991775830076,59.23875577357036,5.03,5.88,LV,HA
19,31,alpha,-1.7026145412980505,15.055429714050273,5.03,5.88,LV,HA
19,31,beta,1.4612770409030444,15.56104172884577,5.03,5.88,LV,HA
19,31,gamma,0.14423986407878164,8.524615849156334,5.03,5.88,LV,HA
19,32,delta,0.07195356597325175,1.2804194162204514,4.96,7.71,LV,HA
19,32,theta,2.4743654016925944,59.83530060035177,4.96,7.71,LV,HA
19,32,alpha,-3.947943850714081,12.534133868450207,4.96,7.71,LV,HA
19,32,beta,1.4305870716026146,15.97483427802241,4.96,7.71,LV,HA
19,32,gamma,-0.029086236734031434,10.358577969809367,4.96,7.71,LV,HA
19,33,delta,-0.51519407206236,0.8540540007936378,3.4,7.13,LV,HA
19,33,theta,-2.9153136361766627,51.09707325615448,3.4,7.13,LV,HA
19,33,alpha,-0.19438577323906436,15.91291992235635,3.4,7.13,LV,HA
19,33,beta,2.8005311487172966,19.966309076327136,3.4,7.13,LV,HA
19,33,gamma,0.8302032284160172,12.152173284442789,3.4,7.13,LV,HA
19,34,delta,-0.1808284793345898,0.9463784614398736,4.17,6.53,LV,HA
19,34,theta,-3.236612943294247,50.17896971637744,4.17,6.53,LV,HA
19,34,alpha,-0.4138263739767325,16.502999665285383,4.17,6.53,LV,HA
19,34,beta,2.3403540803399876,20.713033050955293,4.17,6.53,LV,HA
19,34,gamma,1.4908861262010582,11.644165204739839,4.17,6.53,LV,HA
19,35,delta,0.02707248068046253,0.9926305604074022,3.21,6.03,LV,HA
19,35,theta,-0.29664385157687434,47.71399377091118,3.21,6.03,LV,HA
19,35,alpha,-3.4041010969204635,15.365503883571234,3.21,6.03,LV,HA
19,35,beta,2.8529463721412673,22.118876875203643,3.21,6.03,LV,HA
19,35,gamma,0.8173337167546704,13.79410238156569,3.21,6.03,LV,HA
19,36,delta,0.09777421486379922,1.5254898536833044,3.71,5.95,LV,HA
19,36,theta,2.4497945344051715,63.70224122180323,3.71,5.95,LV,HA
19,36,alpha,-3.536101068414027,12.76532675583453,3.71,5.95,LV,HA
19,36,beta,0.8091486051894652,15.191498780979423,3.71,5.95,LV,HA
19,36,gamma,0.1776184453908125,6.802745287447001,3.71,5.95,LV,HA
19,37,delta,0.5392721452665685,1.0739118748450247,3.15,5.53,LV,HA
19,37,theta,2.487098371880208,51.207799870739485,3.15,5.53,LV,HA
19,37,alpha,-1.9648133924973443,14.635341972181923,3.15,5.53,LV,HA
19,37,beta,0.4668735321188304,20.68724449467681,3.15,5.53,LV,HA
19,37,gamma,-1.5193063836432605,12.375105963461507,3.15,5.53,LV,HA
19,38,delta,0.3214875120701737,1.152604923308189,1.62,7.58,LV,HA
19,38,theta,-1.5794322751146126,58.957609310717544,1.62,7.58,LV,HA
19,38,alpha,-2.7206215865183427,14.054401767309388,1.62,7.58,LV,HA
19,38,beta,2.9413918411441813,17.16653225328075,1.62,7.58,LV,HA
19,38,gamma,1.0358962886311378,8.660948006569546,1.62,7.58,LV,HA
19,39,delta,0.40344013084188624,1.448535517380249,5.04,5.05,LV,HA
19,39,theta,1.2779716194314403,56.76962501432,5.04,5.05,LV,HA
19,39,alpha,-2.4851889960217726,15.578681479106976,5.04,5.05,LV,HA
19,39,beta,0.8018982106226256,16.464436831864695,5.04,5.05,LV,HA
19,39,gamma,0.0025764771256939767,9.726388459402624,5.04,5.05,LV,HA
19,40,delta,0.13794552933697246,0.9177113379731108,4.24,6.33,LV,HA
19,40,theta,-0.059583195280652035,52.90276057764901,4.24,6.33,LV,HA
19,40,alpha,-3.2203585796358993,18.138735034375458,4.24,6.33,LV,HA
19,40,beta,2.8651161887807364,17.549045436032763,4.24,6.33,LV,HA
19,40,gamma,0.27887542459607184,10.474729491953765,4.24,6.33,LV,HA
20,1,delta,0.3001138204335778,0.17497069939984283,5.76,4.78,HV,HA
20,1,theta,6.896668257945208,24.624047037431957,5.76,4.78,HV,HA
20,1,alpha,-4.200699287242674,45.574251514499224,5.76,4.78,HV,HA
20,1,beta,-2.956059991365848,20.77765790646101,5.76,4.78,HV,HA
20,1,gamma,-0.04216454959228688,8.836188890388527,5.76,4.78,HV,HA
20,2,delta,-0.01272014980069125,0.22538173476029522,6.77,5.04,HV,HA
20,2,theta,1.8164625091392281,29.83908072094009,6.77,5.04,HV,HA
20,2,alpha,-1.7486346692110661,37.52526712457373,6.77,5.04,HV,HA
20,2,beta,-0.7658536110382279,21.860064074976265,6.77,5.04,HV,HA
20,2,gamma,0.7081080147925425,10.53382010814903,6.77,5.04,HV,HA
20,3,delta,0.2224516640115466,0.34524105399758825,7.18,4.23,HV,HA
20,3,theta,6.122742775040351,32.98777142954403,7.18,4.23,HV,HA
20,3,alpha,-3.6091623024071016,41.35738613176797,7.18,4.23,HV,HA
20,3,beta,-2.2537268430297024,17.905376137042705,7.18,4.23,HV,HA
20,3,gamma,-0.48175568637630795,7.394669755316939,7.18,4.23,HV,HA
20,4,delta,0.26268965882006623,0.22205492199430385,7.05,5.92,HV,HA
20,4,theta,4.535799311682524,25.918620357522897,7.05,5.92,HV,HA
20,4,alpha,-3.0368334302287288,42.72771276682589,7.05,5.92,HV,HA
20,4,beta,-2.587764864860974,21.138212942692498,7.05,5.92,HV,HA
20,4,gamma,0.8254777573026466,9.97749515713792,7.05,5.92,HV,HA
20,5,delta,-0.008365613229316504,0.1730524656449379,8.82,8.06,HV,HA
20,5,theta,-1.5549010698231314,23.554695069521213,8.82,8.06,HV,HA
20,5,alpha,-2.758645344444229,48.597596134325045,8.82,8.06,HV,HA
20,5,beta,0.5334171074626219,18.521254469719658,8.82,8.06,HV,HA
20,5,gamma,3.780263304455598,9.139869235853892,8.82,8.06,HV,HA
20,6,delta,0.3470970363066216,0.22628965636480428,7.62,5.74,HV,HA
20,6,theta,6.578829902010021,30.424849194689134,7.62,5.74,HV,HA
20,6,alpha,-3.5264705462632477,41.48171446968357,7.62,5.74,HV,HA
20,6,beta,-3.124369880078955,20.160056576942097,7.62,5.74,HV,HA
20,6,gamma,-0.275393491182061,7.7000999476263825,7.62,5.74,HV,HA
20,7,delta,0.2583388499725099,0.3236953977444932,5.27,7.01,HV,HA
20,7,theta,7.373868958310695,34.07922914425559,5.27,7.01,HV,HA
20,7,alpha,-3.8646657829798805,40.593653502555966,5.27,7.01,HV,HA
20,7,beta,-3.2900900069673176,17.95338966040518,5.27,7.01,HV,HA
20,7,gamma,-0.4766212152590419,7.042857707289551,5.27,7.01,HV,HA
20,8,delta,0.08716032330061818,0.2279919640346029,7.63,5.92,HV,HA
20,8,theta,4.721296313051511,28.430951711890927,7.63,5.92,HV,HA
20,8,alpha,-3.7881121395968016,39.36543551567311,7.63,5.92,HV,HA
20,8,beta,-1.4134110565778624,20.805455517547948,7.63,5.92,HV,HA
20,8,gamma,0.3922784972211488,11.152480759698658,7.63,5.92,HV,HA
20,9,delta,0.07321265700644897,0.13595979888080112,8.22,7.31,HV,HA
20,9,theta,3.949322148904166,22.6947396409361,8.22,7.31,HV,HA
20,9,alpha,-2.7173574202271773,38.39841173001933,8.22,7.31,HV,HA
20,9,beta,-1.7797144032004724,23.585463643709417,8.22,7.31,HV,HA
20,9,gamma,0.4710060398312308,15.164116912659429,8.22,7.31,HV,HA
20,10,delta,-0.02742168590878502,0.22415295394806378,5.13,6.81,HV,HA
20,10,theta,5.46349978080756,26.267606684690975,5.13,6.81,HV,HA
20,10,alpha,-2.401542720698508,42.087418395109516,5.13,6.81,HV,HA
20,10,beta,-2.691018441140878,21.222333328564854,5.13,6.81,HV,HA
20,10,gamma,-0.34593210786659867,10.183407178462733,5.13,6.81,HV,HA
20,11,delta,0.20799869384063796,0.24118050824316656,8.18,6.41,HV,LA
20,11,theta,6.993491010963098,27.416639619934838,8.18,6.41,HV,LA
20,11,alpha,-4.033625809464477,44.16338062949824,8.18,6.41,HV,LA
20,11,beta,-2.8487649297865696,19.909123977049376,8.18,6.41,HV,LA
20,11,gamma,-0.319798533588159,8.25965037154411,8.18,6.41,HV,LA
20,12,delta,0.12706398665103869,0.19786573776684746,7.64,5.46,HV,LA
20,12,theta,2.3016907718562933,23.42932555488085,7.64,5.46,HV,LA
20,12,alpha,-4.427802563534151,51.65970479391281,7.64,5.46,HV,LA
20,12,beta,-0.32119694423299094,16.381204995529984,7.64,5.46,HV,LA
20,12,gamma,2.311848145011247,8.321634332462935,7.64,5.46,HV,LA
20,13,delta,0.18189586853636353,0.2714672333984263,7.91,5.04,HV,LA
20,13,theta,7.672400364814003,29.955408810670015,7.91,5.04,HV,LA
20,13,alpha,-4.006140056789825,42.300598179089334,7.91,5.04,HV,LA
20,13,beta,-3.503238306302727,19.407730181752292,7.91,5.04,HV,LA
20,13,gamma,-0.3448820166541804,8.055731309395833,7.91,5.04,HV,LA
20,14,delta,0.16664954797562215,0.20858222953985733,6.4,5.6,HV,LA
20,14,theta,8.641685097464375,23.036278552079843,6.4,5.6,HV,LA
20,14,alpha,-4.422508925227598,49.05432502306506,6.4,5.6,HV,LA
20,14,beta,-3.6538504731617643,18.926763638127483,6.4,5.6,HV,LA
20,14,gamma,-0.7305626587640921,8.765839203263472,6.4,5.6,HV,LA
20,15,delta,0.2049667217602601,0.2450495939887004,6.35,5.26,HV,LA
20,15,theta,6.351244563096728,25.532857551714116,6.35,5.26,HV,LA
20,15,alpha,-3.012339808764093,47.744052672573105,6.35,5.26,HV,LA
20,15,beta,-3.1189078215140498,18.57235794478107,6.35,5.26,HV,LA
20,15,gamma,-0.4249711967169012,7.898219487573924,6.35,5.26,HV,LA
20,16,delta,0.34396131189369705,0.19502694416926392,5.03,3.0,HV,LA
20,16,theta,8.084925990163924,24.097930726116953,5.03,3.0,HV,LA
20,16,alpha,-4.571150513544666,54.12939495442441,5.03,3.0,HV,LA
20,16,beta,-3.039183497000069,15.948860922904089,5.03,3.0,HV,LA
20,16,gamma,-0.8175839328945083,5.623071434565257,5.03,3.0,HV,LA
20,17,delta,0.08484829336296817,0.21260658695352533,5.04,4.99,HV,LA
20,17,theta,4.606259715658069,29.398701184188027,5.04,4.99,HV,LA
20,17,alpha,-2.952501335922811,48.578946583087316,5.04,4.99,HV,LA
20,17,beta,-1.63031101723697,16.680750256772075,5.04,4.99,HV,LA
20,17,gamma,-0.10817755021008546,5.122919785608766,5.04,4.99,HV,LA
20,18,delta,0.21662310632732518,0.21421689671021615,7.35,6.36,HV,LA
20,18,theta,5.468750503391291,24.363969446362052,7.35,6.36,HV,LA
20,18,alpha,-2.793202081755844,48.41846127921568,7.35,6.36,HV,LA
20,18,beta,-2.0886146990622816,18.69089194005155,7.35,6.36,HV,LA
20,18,gamma,-0.8027293929082733,8.304827297423703,7.35,6.36,HV,LA
20,19,delta,0.021156062224152006,0.2755410202148375,7.59,5.62,HV,LA
20,19,theta,2.934127139457267,29.19602371257707,7.59,5.62,HV,LA
20,19,alpha,-3.2725028288310867,41.60851480014561,7.59,5.62,HV,LA
20,19,beta,-1.3158425562374383,19.927328044986297,7.59,5.62,HV,LA
20,19,gamma,1.631469642250666,8.984200532120088,7.59,5.62,HV,LA
20,20,delta,0.3540411203569459,0.1515522746969225,6.65,5.31,HV,LA
20,20,theta,7.815015420576138,25.420275932142054,6.65,5.31,HV,LA
20,20,alpha,-5.411034285047485,49.56331715955392,6.65,5.31,HV,LA
20,20,beta,-2.450303140113178,18.851022767813873,6.65,5.31,HV,LA
20,20,gamma,-0.3069077060392802,6.007246166290963,6.65,5.31,HV,LA
20,21,delta,0.25897913450501364,0.10174190030115816,4.97,4.92,LV,LA
20,21,theta,9.054269022479033,20.484198810724667,4.97,4.92,LV,LA
20,21,alpha,-5.590889019489234,60.40810144378554,4.97,4.92,LV,LA
20,21,beta,-2.862319681302753,13.829707710803195,4.97,4.92,LV,LA
20,21,gamma,-0.8609724416474243,5.1721715212261365,4.97,4.92,LV,LA
20,22,delta,0.3579571134933246,0.20969075285490324,4.06,5.36,LV,LA
20,22,theta,8.526935842074607,27.703989094974663,4.06,5.36,LV,LA
20,22,alpha,-5.401869854892988,47.04401268407025,4.06,5.36,LV,LA
20,22,beta,-3.1599412225845853,18.144785117478843,4.06,5.36,LV,LA
20,22,gamma,-0.322876847573236,6.889594973144465,4.06,5.36,LV,LA
20,23,delta,0.2688415552840151,0.1588442490949734,2.82,6.31,LV,LA
20,23,theta,8.78566898536019,22.935872859966672,2.82,6.31,LV,LA
20,23,alpha,-4.615076459034148,52.19167207449847,2.82,6.31,LV,LA
20,23,beta,-3.0204082816782885,18.03786265872872,2.82,6.31,LV,LA
20,23,gamma,-1.4162529633627594,6.667071751891234,2.82,6.31,LV,LA
20,24,delta,0.23295990031114278,0.196940572470504,3.0,5.01,LV,LA
20,24,theta,8.176539090790605,23.151325753730887,3.0,5.01,LV,LA
20,24,alpha,-4.669696126057545,50.20387410043186,3.0,5.01,LV,LA
20,24,beta,-3.3082263483720222,18.998907637129477,3.0,5.01,LV,LA
20,24,gamma,-0.43058425405800804,7.4417421494059175,3.0,5.01,LV,LA
20,25,delta,0.22845335685157875,0.16510038044703082,2.99,5.04,LV,LA
20,25,theta,10.244701081885893,19.094760291830916,2.99,5.04,LV,LA
20,25,alpha,-5.637715194945033,60.41258575033098,2.99,5.04,LV,LA
20,25,beta,-3.691633029174466,15.08850111066063,2.99,5.04,LV,LA
20,25,gamma,-1.1425498302679293,5.233159586063376,2.99,5.04,LV,LA
20,26,delta,0.1619344777194871,0.30926952865593416,4.31,3.24,LV,LA
20,26,theta,5.998195454983829,30.209165106941796,4.31,3.24,LV,LA
20,26,alpha,-3.8846844034306507,45.7494663704159,4.31,3.24,LV,LA
20,26,beta,-2.0440098665564816,17.32950754754031,4.31,3.24,LV,LA
20,26,gamma,-0.23157278188898767,6.395249086598968,4.31,3.24,LV,LA
20,27,delta,0.08135681609687506,0.18113694881748288,5.03,3.91,LV,LA
20,27,theta,5.297818505374458,25.13299593038789,5.03,3.91,LV,LA
20,27,alpha,-3.428578913787341,47.357260112290106,5.03,3.91,LV,LA
20,27,beta,-1.8428669019024166,19.156654493828697,5.03,3.91,LV,LA
20,27,gamma,-0.10818262368382392,8.162997280958173,5.03,3.91,LV,LA
20,28,delta,0.1709932492324544,0.2074860877469908,5.01,3.26,LV,LA
20,28,theta,8.336497882808391,19.156420054698707,5.01,3.26,LV,LA
20,28,alpha,-1.7860069249328667,39.058322510744404,5.01,3.26,LV,LA
20,28,beta,5.10813946825747,26.419064615399165,5.01,3.26,LV,LA
20,28,gamma,-11.781214939023652,15.136352718268363,5.01,3.26,LV,LA
20,29,delta,0.10897393557060808,0.17913814413507143,2.44,5.47,LV,LA
20,29,theta,3.9750250807797016,22.297955187880994,2.44,5.47,LV,LA
20,29,alpha,-3.5863428639466335,46.74116140135456,2.44,5.47,LV,LA
20,29,beta,-1.8348806433924452,21.498208964134534,2.44,5.47,LV,LA
20,29,gamma,1.3354895060309122,9.273928701350094,2.44,5.47,LV,LA
20,30,delta,0.10583609192502863,0.33259405173174555,3.49,6.54,LV,LA
20,30,theta,4.819473128023759,32.069711322736346,3.49,6.54,LV,LA
20,30,alpha,-2.3844842099275585,40.98389679494919,3.49,6.54,LV,LA
20,30,beta,-2.0531602506277857,19.33248769783294,3.49,6.54,LV,LA
20,30,gamma,-0.48740629400929625,7.272904425262933,3.49,6.54,LV,LA
20,31,delta,0.3932485250058667,0.13310350338031315,4.46,6.28,LV,HA
20,31,theta,6.771804681574409,26.68349673292318,4.46,6.28,LV,HA
20,31,alpha,-6.916802606341754,49.87698193481427,4.46,6.28,LV,HA
20,31,beta,-1.0781608153006772,17.465079363702895,4.46,6.28,LV,HA
20,31,gamma,0.8290005795219955,5.833772340269032,4.46,6.28,LV,HA
20,32,delta,0.29146734377963135,0.13371872459808903,6.28,5.71,LV,HA
20,32,theta,7.033832299058098,23.491788171859888,6.28,5.71,LV,HA
20,32,alpha,-5.3094821944509665,44.69910373625012,6.28,5.71,LV,HA
20,32,beta,-3.3172897394009837,21.430274131628487,6.28,5.71,LV,HA
20,32,gamma,1.3033809594609647,10.234476305771185,6.28,5.71,LV,HA
20,33,delta,0.34570239868616337,0.14037976323438053,4.64,6.01,LV,HA
20,33,theta,8.351524508832362,23.250757103909987,4.64,6.01,LV,HA
20,33,alpha,-4.646447828537447,45.43358149745022,4.64,6.01,LV,HA
20,33,beta,-3.443320671670458,21.098959069362863,4.64,6.01,LV,HA
20,33,gamma,-0.6079607901093516,10.062410048417238,4.64,6.01,LV,HA
20,34,delta,0.35217034717590745,0.18459124728518717,4.74,7.08,LV,HA
20,34,theta,11.98241625855492,23.312248427695877,4.74,7.08,LV,HA
20,34,alpha,-7.035359231896052,53.287058460956345,4.74,7.08,LV,HA
20,34,beta,-4.117118065356278,17.126731880851203,4.74,7.08,LV,HA
20,34,gamma,-1.1815363246662738,6.083079625943816,4.74,7.08,LV,HA
20,35,delta,0.26181657416950066,0.17394747088638945,4.35,7.45,LV,HA
20,35,theta,8.584570148215732,24.110537588468205,4.35,7.45,LV,HA
20,35,alpha,-4.401326959500164,49.228927640569424,4.35,7.45,LV,HA
20,35,beta,-3.5517979586668122,18.75670228123291,4.35,7.45,LV,HA
20,35,gamma,-0.8920220041500491,7.722467378079175,4.35,7.45,LV,HA
20,36,delta,0.42615075391976753,0.2075598569342869,4.29,7.49,LV,HA
20,36,theta,7.045753923117822,25.175591343454855,4.29,7.49,LV,HA
20,36,alpha,-3.6516262936704393,45.27499664029311,4.29,7.49,LV,HA
20,36,beta,-2.6929042866280604,21.327594410253006,4.29,7.49,LV,HA
20,36,gamma,-1.1247088353461345,8.004401994565397,4.29,7.49,LV,HA
20,37,delta,0.11890692967967564,0.13770792481030222,3.01,5.28,LV,HA
20,37,theta,8.16797958501013,24.423203562431603,3.01,5.28,LV,HA
20,37,alpha,-7.367852316131518,50.36153766452206,3.01,5.28,LV,HA
20,37,beta,-1.8928037439539693,18.19712597240445,3.01,5.28,LV,HA
20,37,gamma,0.9722665918508318,6.869637144301791,3.01,5.28,LV,HA
20,38,delta,0.17292297506342402,0.26076807295934473,3.38,5.94,LV,HA
20,38,theta,7.710122476012458,26.037189102902083,3.38,5.94,LV,HA
20,38,alpha,-4.457785853882022,46.97164248255772,3.38,5.94,LV,HA
20,38,beta,-2.7641382821128078,18.94380327610729,3.38,5.94,LV,HA
20,38,gamma,-0.660595708030332,7.7777204906393855,3.38,5.94,LV,HA
20,39,delta,0.21150317571976385,0.1844560492549488,4.67,6.13,LV,HA
20,39,theta,9.257851731013204,23.7500265254559,4.67,6.13,LV,HA
20,39,alpha,-3.896672831910516,47.98042156356246,4.67,6.13,LV,HA
20,39,beta,-4.390848139969698,20.433774680559083,4.67,6.13,LV,HA
20,39,gamma,-1.1815422427262101,7.643957373452488,4.67,6.13,LV,HA
20,40,delta,0.4880798413495989,0.14880233741792012,4.94,2.83,LV,HA
20,40,theta,10.591102686953626,21.689445241667325,4.94,2.83,LV,HA
20,40,alpha,-8.057734096385357,53.82753137253807,4.94,2.83,LV,HA
20,40,beta,-2.723385530088681,16.74074145800556,4.94,2.83,LV,HA
20,40,gamma,-0.3002631414331125,7.584834179935349,4.94,2.83,LV,HA
21,1,delta,-0.01618881364336089,0.6611309533806063,6.42,4.21,HV,HA
21,1,theta,0.09183269957864582,68.81102114111866,6.42,4.21,HV,HA
21,1,alpha,0.5485948334385764,16.348535560607864,6.42,4.21,HV,HA
21,1,beta,-0.37972120149190935,9.382009423658662,6.42,4.21,HV,HA
21,1,gamma,-0.242990876936652,4.79034818566323,6.42,4.21,HV,HA
21,2,delta,-0.012710322995157841,0.5959660356474041,7.05,6.04,HV,HA
21,2,theta,-1.8353560051399853,45.09792882211387,7.05,6.04,HV,HA
21,2,alpha,0.1117986248369629,17.72272245354096,7.05,6.04,HV,HA
21,2,beta,1.1621884328089997,24.240337567549755,7.05,6.04,HV,HA
21,2,gamma,0.5737853917122369,12.329614563488814,7.05,6.04,HV,HA
21,3,delta,0.11376408933315985,0.7464066906731983,4.83,3.35,HV,HA
21,3,theta,0.5956441610183703,67.27005106433955,4.83,3.35,HV,HA
21,3,alpha,-0.41597145652338696,16.60194900408882,4.83,3.35,HV,HA
21,3,beta,-0.5172459124391171,10.530884966979421,4.83,3.35,HV,HA
21,3,gamma,0.22299561451918848,4.845741716925838,4.83,3.35,HV,HA
21,4,delta,0.014261655772457749,0.5746687632161667,5.05,6.01,HV,HA
21,4,theta,0.8174287898169226,52.45661001987688,5.05,6.01,HV,HA
21,4,alpha,-0.41451769722249665,17.49901137109714,5.05,6.01,HV,HA
21,4,beta,-0.4221347223876464,19.77061300079591,5.05,6.01,HV,HA
21,4,gamma,0.009609729807101175,9.68327498671302,5.05,6.01,HV,HA
21,5,delta,-0.10550657982046907,0.4253823103538286,8.09,7.15,HV,HA
21,5,theta,-0.8193818868252976,54.93775914217895,8.09,7.15,HV,HA
21,5,alpha,-0.03198202554283114,18.02746516119545,8.09,7.15,HV,HA
21,5,beta,0.13039161970694124,17.953494357782965,8.09,7.15,HV,HA
21,5,gamma,0.8238300801004588,8.64407374841707,8.09,7.15,HV,HA
21,6,delta,0.021419741564014272,0.49699073778255703,7.92,7.05,HV,HA
21,6,theta,1.861129835580762,46.36548900344175,7.92,7.05,HV,HA
21,6,alpha,0.12518289303863028,19.955443465520354,7.92,7.05,HV,HA
21,6,beta,-0.8802367508045315,23.18182780027685,7.92,7.05,HV,HA
21,6,gamma,-1.1237658245978537,9.98928990171591,7.92,7.05,HV,HA
21,7,delta,0.01095813345260932,0.6137126473648464,7.05,6.58,HV,HA
21,7,theta,-1.5857732898715682,51.05501350065844,7.05,6.58,HV,HA
21,7,alpha,1.1233226010533741,19.106216233330994,7.05,6.58,HV,HA
21,7,beta,-0.08404697351291901,18.635205434113207,7.05,6.58,HV,HA
21,7,gamma,0.5372253615774305,10.579657966139216,7.05,6.58,HV,HA
21,8,delta,0.052182476384458054,0.5590775793503617,8.81,7.1,HV,HA
21,8,theta,-0.29956795382553025,56.66761066460934,8.81,7.1,HV,HA
21,8,alpha,0.4211282774117251,19.629721127577987,8.81,7.1,HV,HA
21,8,beta,0.15108076818291494,16.603772475819596,8.81,7.1,HV,HA
21,8,gamma,-0.3263245176974001,6.532446774191801,8.81,7.1,HV,HA
21,9,delta,-0.05353492597552323,0.538332668277862,8.56,7.0,HV,HA
21,9,theta,0.01588506127225031,52.72478621314741,8.56,7.0,HV,HA
21,9,alpha,0.6293232275762506,18.225968197664315,8.56,7.0,HV,HA
21,9,beta,0.1434729968696402,18.59925721023272,8.56,7.0,HV,HA
21,9,gamma,-0.7348972998730616,9.900696555042106,8.56,7.0,HV,HA
21,10,delta,-0.025787303491269897,0.7717510562711805,7.05,6.88,HV,HA
21,10,theta,-0.6566151050051445,54.21465167720504,7.05,6.88,HV,HA
21,10,alpha,1.060978187507235,18.577982287048513,7.05,6.88,HV,HA
21,10,beta,-0.47714097449753545,18.716148405773154,7.05,6.88,HV,HA
21,10,gamma,0.09912256570148159,7.708137136345186,7.05,6.88,HV,HA
21,11,delta,-0.05793651150607115,0.513964094423028,7.05,6.56,HV,LA
21,11,theta,2.3415529189677216,39.95964260623154,7.05,6.56,HV,LA
21,11,alpha,0.3661782328893217,18.833701322284355,7.05,6.56,HV,LA
21,11,beta,-2.1236983148762647,25.911412745999073,7.05,6.56,HV,LA
21,11,gamma,-0.5243265572052209,14.762415509900313,7.05,6.56,HV,LA
21,12,delta,-0.06656194793646142,0.8194039678576841,4.63,4.06,HV,LA
21,12,theta,-0.7686630427784849,65.58093561291304,4.63,4.06,HV,LA
21,12,alpha,-0.12861032655430193,16.570900539915062,4.63,4.06,HV,LA
21,12,beta,0.6216965661965421,11.664445127446228,4.63,4.06,HV,LA
21,12,gamma,0.34336902543200676,5.357046810909633,4.63,4.06,HV,LA
21,13,delta,0.04230435505150809,0.9554518831031775,4.27,6.17,HV,LA
21,13,theta,-1.0932148655756748,60.435377654604025,4.27,6.17,HV,LA
21,13,alpha,0.5919021432645444,18.701614657215558,4.27,6.17,HV,LA
21,13,beta,0.3274330001584467,13.752226408137858,4.27,6.17,HV,LA
21,13,gamma,0.13352154493563173,6.146216521129459,4.27,6.17,HV,LA
21,14,delta,0.012428719072904437,0.6946435887794524,8.1,7.1,HV,LA
21,14,theta,0.03403842327484341,53.27351110178744,8.1,7.1,HV,LA
21,14,alpha,-1.2868709780600938,19.16303144837712,8.1,7.1,HV,LA
21,14,beta,0.3311747785121959,18.626244731732402,8.1,7.1,HV,LA
21,14,gamma,0.9088153772031236,8.22987788536154,8.1,7.1,HV,LA
21,15,delta,-0.1765382423529609,0.6092981337801171,6.92,5.99,HV,LA
21,15,theta,-1.2159320221519323,47.03465816629077,6.92,5.99,HV,LA
21,15,alpha,-0.07640195519028126,19.35054477151724,6.92,5.99,HV,LA
21,15,beta,-0.298663037145392,22.14735641730887,6.92,5.99,HV,LA
21,15,gamma,1.7685364734469768,10.845645530384637,6.92,5.99,HV,LA
21,16,delta,0.009267591033406575,1.242002014129802,5.99,7.1,HV,LA
21,16,theta,1.04932161776766,70.62241132932516,5.99,7.1,HV,LA
21,16,alpha,-0.05281833138520042,15.983169493006734,5.99,7.1,HV,LA
21,16,beta,-0.5550495530031911,8.372084903128362,5.99,7.1,HV,LA
21,16,gamma,-0.450291919187519,3.776620630572353,5.99,7.1,HV,LA
21,17,delta,-0.038315108785468066,0.6829306703838733,5.53,4.01,HV,LA
21,17,theta,-1.8447216016585486,52.32996571494773,5.53,4.01,HV,LA
21,17,alpha,-0.14843375598226416,20.620941441892718,5.53,4.01,HV,LA
21,17,beta,1.0775386077195392,18.109095128323364,5.53,4.01,HV,LA
21,17,gamma,0.9539488271364851,8.247194686029214,5.53,4.01,HV,LA
21,18,delta,0.10142450881214837,0.5991932538685522,7.99,8.23,HV,LA
21,18,theta,1.519031825026829,43.23506315154846,7.99,8.23,HV,LA
21,18,alpha,-0.4005710195519363,17.581571071333823,7.99,8.23,HV,LA
21,18,beta,-0.5471218220327962,25.61966610062204,7.99,8.23,HV,LA
21,18,gamma,-0.6706469621690747,12.948647319943902,7.99,8.23,HV,LA
21,19,delta,0.00022421995177612786,0.9119188817083215,7.26,6.29,HV,LA
21,19,theta,-0.15370656301401198,66.68165065165164,7.26,6.29,HV,LA
21,19,alpha,-0.07657894878156313,17.496606928972575,7.26,6.29,HV,LA
21,19,beta,-0.153517003879438,10.192241296557254,7.26,6.29,HV,LA
21,19,gamma,0.38430316553548316,4.711089127911121,7.26,6.29,HV,LA
21,20,delta,-0.03645963439524136,0.3925757823311531,2.33,6.05,HV,LA
21,20,theta,0.816900655687057,42.48156721158962,2.33,6.05,HV,LA
21,20,alpha,0.22265543509053742,19.04192261756423,2.33,6.05,HV,LA
21,20,beta,-1.3257013098382622,24.968451593391112,2.33,6.05,HV,LA
21,20,gamma,0.32158416853407346,13.094570650051374,2.33,6.05,HV,LA
21,21,delta,0.08171398025076138,0.5708920239753954,4.08,2.91,LV,LA
21,21,theta,0.1427894209804066,50.69740657026639,4.08,2.91,LV,LA
21,21,alpha,0.12520322620446755,17.943974468475375,4.08,2.91,LV,LA
21,21,beta,-0.07196456627311676,19.376446359928565,4.08,2.91,LV,LA
21,21,gamma,-0.2707536048188821,11.39799601500222,4.08,2.91,LV,LA
21,22,delta,0.0017600785622444715,0.7919753740544793,2.09,6.03,LV,LA
21,22,theta,-1.0739797899831487,59.40016727457048,2.09,6.03,LV,LA
21,22,alpha,0.27519142309959577,16.850991814424162,2.09,6.03,LV,LA
21,22,beta,0.18088640210611473,15.393415569673582,2.09,6.03,LV,LA
21,22,gamma,0.6176803687180756,7.554776428795248,2.09,6.03,LV,LA
21,23,delta,-0.007965678897879636,0.6610135945370181,4.69,6.04,LV,LA
21,23,theta,-1.7943267205143698,55.64692805406166,4.69,6.04,LV,LA
21,23,alpha,-0.8103822977394017,17.070429405160667,4.69,6.04,LV,LA
21,23,beta,1.1579433917006376,17.452176761869694,4.69,6.04,LV,LA
21,23,gamma,1.4477167623594482,9.159983185233141,4.69,6.04,LV,LA
21,24,delta,-0.08128208349524246,0.695261365798203,2.99,6.01,LV,LA
21,24,theta,-0.7417644394048537,55.62817899720962,2.99,6.01,LV,LA
21,24,alpha,-0.6946993923844698,17.191801143959836,2.99,6.01,LV,LA
21,24,beta,0.2560656552047291,18.29825351604696,2.99,6.01,LV,LA
21,24,gamma,1.2597476773874448,8.175220446454246,2.99,6.01,LV,LA
21,25,delta,0.08971269186531827,0.500151454208303,3.97,7.03,LV,LA
21,25,theta,-2.585482553499844,39.29815071752617,3.97,7.03,LV,LA
21,25,alpha,0.41046167464013195,21.049863764724197,3.97,7.03,LV,LA
21,25,beta,0.587602978159147,25.9594948765803,3.97,7.03,LV,LA
21,25,gamma,1.4943753749587572,13.170418616320596,3.97,7.03,LV,LA
21,26,delta,0.09420381352675167,0.6312109893463607,4.06,3.99,LV,LA
21,26,theta,-1.7965422784792295,46.45163882353413,4.06,3.99,LV,LA
21,26,alpha,-0.12493751263341579,18.880243502613112,4.06,3.99,LV,LA
21,26,beta,0.7187144014435844,23.12073706446176,4.06,3.99,LV,LA
21,26,gamma,1.106253463224597,10.900973225406435,4.06,3.99,LV,LA
21,27,delta,0.03063459995672313,0.605111290149828,4.01,6.08,LV,LA
21,27,theta,-1.3821970092088947,40.345096354462626,4.01,6.08,LV,LA
21,27,alpha,-0.4463075831231009,22.67116925951323,4.01,6.08,LV,LA
21,27,beta,0.7831827005455594,25.481800935987916,4.01,6.08,LV,LA
21,27,gamma,1.0084462082286727,10.884008907285093,4.01,6.08,LV,LA
21,28,delta,0.1829376649725834,0.4628941311204924,3.04,5.96,LV,LA
21,28,theta,1.6170585439082643,33.079295825755466,3.04,5.96,LV,LA
21,28,alpha,0.4727969475467795,17.654642216530082,3.04,5.96,LV,LA
21,28,beta,-1.9548097647385454,31.02222314752494,3.04,5.96,LV,LA
21,28,gamma,-0.31133053293758195,17.75526631035411,3.04,5.96,LV,LA
21,29,delta,0.04203199699358606,0.9655350035567025,3.01,6.41,LV,LA
21,29,theta,-0.2729822596557554,60.41667716760887,3.01,6.41,LV,LA
21,29,alpha,-0.4035202142333514,17.223719069874377,3.01,6.41,LV,LA
21,29,beta,0.12765784388555623,14.386915046278464,3.01,6.41,LV,LA
21,29,gamma,0.5090166980995736,6.997342163615855,3.01,6.41,LV,LA
21,30,delta,-0.04752773834845869,0.5063528839998721,3.45,6.56,LV,LA
21,30,theta,-0.661476357989649,52.81309542885448,3.45,6.56,LV,LA
21,30,alpha,-0.39887564828661937,16.981720160795454,3.45,6.56,LV,LA
21,30,beta,0.440554796766758,19.523114284934614,3.45,6.56,LV,LA
21,30,gamma,0.6650320033849528,10.16208945811555,3.45,6.56,LV,LA
21,31,delta,0.05002441513764172,0.36756041008324747,5.04,5.01,LV,HA
21,31,theta,-0.7958435311444063,39.93799482828812,5.04,5.01,LV,HA
21,31,alpha,1.155385450781008,20.811707302416494,5.04,5.01,LV,HA
21,31,beta,-0.5325324512825098,25.309241299077364,5.04,5.01,LV,HA
21,31,gamma,0.12477552581367846,13.554618547859928,5.04,5.01,LV,HA
21,32,delta,0.015486995455258779,0.5118284490635188,6.27,7.01,LV,HA
21,32,theta,-0.7094826321421337,53.45009184825551,6.27,7.01,LV,HA
21,32,alpha,0.28973788134939227,13.893309248543734,6.27,7.01,LV,HA
21,32,beta,-0.648393482347231,20.03960787307968,6.27,7.01,LV,HA
21,32,gamma,1.0466813988874595,12.08971255902329,6.27,7.01,LV,HA
21,33,delta,-0.09040745202870026,0.6894700029175886,7.03,7.04,LV,HA
21,33,theta,-0.33717780824493815,55.414041559570876,7.03,7.04,LV,HA
21,33,alpha,-0.748888214873265,16.76541758628594,7.03,7.04,LV,HA
21,33,beta,0.4007041397197586,17.306510169765623,7.03,7.04,LV,HA
21,33,gamma,0.7755501242095351,9.812730292469869,7.03,7.04,LV,HA
21,34,delta,0.06052148425587078,0.4877962900534698,4.06,2.91,LV,HA
21,34,theta,-0.6683116514391685,42.24797950334423,4.06,2.91,LV,HA
21,34,alpha,0.95951669865131,21.15594238445901,4.06,2.91,LV,HA
21,34,beta,-0.06251677228373254,24.583650907669465,4.06,2.91,LV,HA
21,34,gamma,-0.28808191519909165,11.51003112698615,4.06,2.91,LV,HA
21,35,delta,0.021919169976436226,0.4560339790910505,4.92,2.91,LV,HA
21,35,theta,-1.061472139949899,34.95019615456506,4.92,2.91,LV,HA
21,35,alpha,0.2196666025882621,16.893151860544542,4.92,2.91,LV,HA
21,35,beta,-1.0616050484307564,30.280003992648467,4.92,2.91,LV,HA
21,35,gamma,1.8855460750820185,17.395462983119902,4.92,2.91,LV,HA
21,36,delta,-0.01665937921943894,0.685023582720789,6.88,7.21,LV,HA
21,36,theta,-0.08454968841716948,57.023781285168695,6.88,7.21,LV,HA
21,36,alpha,-0.05261142339591984,17.974814988202183,6.88,7.21,LV,HA
21,36,beta,-0.10320494935973379,15.883556593114552,6.88,7.21,LV,HA
21,36,gamma,0.2575161926053884,8.424573813361505,6.88,7.21,LV,HA
21,37,delta,-0.024365246196041745,0.6467219833154706,3.04,6.08,LV,HA
21,37,theta,-2.8452702472347156,43.31107537673299,3.04,6.08,LV,HA
21,37,alpha,0.07346414319478711,19.878947010266074,3.04,6.08,LV,HA
21,37,beta,0.7341882719445607,24.635637055873044,3.04,6.08,LV,HA
21,37,gamma,2.058834832971934,11.513430397431213,3.04,6.08,LV,HA
21,38,delta,-0.04222994839859162,0.4425765261887508,3.03,6.0,LV,HA
21,38,theta,-1.4662671943659689,37.47602826275724,3.03,6.0,LV,HA
21,38,alpha,-2.1705197042835778,17.258894885158046,3.03,6.0,LV,HA
21,38,beta,1.4193593597416694,27.3496865938109,3.03,6.0,LV,HA
21,38,gamma,2.2562198970190153,17.45418442040138,3.03,6.0,LV,HA
21,39,delta,-0.04723178330493405,0.7447716447171597,6.09,6.77,LV,HA
21,39,theta,-1.4172978683371724,58.07662295389325,6.09,6.77,LV,HA
21,39,alpha,0.04105696998688124,16.665675151714417,6.09,6.77,LV,HA
21,39,beta,0.312710113379012,15.537129722053127,6.09,6.77,LV,HA
21,39,gamma,1.1098129459833643,8.961639780973421,6.09,6.77,LV,HA
21,40,delta,0.03436956905559563,0.5589822857056213,3.99,5.77,LV,HA
21,40,theta,-1.9717426807652245,46.647929901072516,3.99,5.77,LV,HA
21,40,alpha,0.6018191874230645,18.576275286675937,3.99,5.77,LV,HA
21,40,beta,0.6412597692405626,22.618684911389153,3.99,5.77,LV,HA
21,40,gamma,0.6917501905762453,11.586782013511058,3.99,5.77,LV,HA
22,1,delta,-0.06121245030017319,1.1577118675700362,5.05,1.99,HV,HA
22,1,theta,-2.301210802755932,76.53623193098514,5.05,1.99,HV,HA
22,1,alpha,-0.3217796709587688,12.124005932458463,5.05,1.99,HV,HA
22,1,beta,1.3980457713064243,5.611881833251573,5.05,1.99,HV,HA
22,1,gamma,1.2849578228161311,4.564721651310882,5.05,1.99,HV,HA
22,2,delta,-0.060350729929105174,0.7816761371812309,7.08,7.05,HV,HA
22,2,theta,-0.9782292797888346,40.258449990361285,7.08,7.05,HV,HA
22,2,alpha,0.13327593712397245,11.099698209735617,7.08,7.05,HV,HA
22,2,beta,0.7518995673691045,24.611520496365966,7.08,7.05,HV,HA
22,2,gamma,0.1527149259658458,23.18976355127723,7.08,7.05,HV,HA
22,3,delta,-0.060733733936171486,0.43440998344428583,7.05,6.03,HV,HA
22,3,theta,-6.572048998292011,42.25369110471982,7.05,6.03,HV,HA
22,3,alpha,0.20631473701019765,8.466416513300373,7.05,6.03,HV,HA
22,3,beta,0.4783210855074067,25.39754098485742,7.05,6.03,HV,HA
22,3,gamma,5.933234581629815,23.41218789929996,7.05,6.03,HV,HA
22,4,delta,-0.03917018286792939,0.7524168286479309,7.06,5.96,HV,HA
22,4,theta,-1.970084826544138,57.13914425489641,7.06,5.96,HV,HA
22,4,alpha,-0.29415268213650947,11.054751836679873,7.06,5.96,HV,HA
22,4,beta,0.9323398867088777,14.857279665731383,7.06,5.96,HV,HA
22,4,gamma,1.3631624315195072,16.18464274791779,7.06,5.96,HV,HA
22,5,delta,-0.3083767707802491,0.4629356462184878,7.1,7.08,HV,HA
22,5,theta,-20.859656583484174,31.88636120614182,7.1,7.08,HV,HA
22,5,alpha,0.8662564401344275,8.641159507602227,7.1,7.08,HV,HA
22,5,beta,9.184013659655825,29.882100802594223,7.1,7.08,HV,HA
22,5,gamma,11.110050449593196,29.094615949043202,7.1,7.08,HV,HA
22,6,delta,0.020030597772345837,1.3461280706917287,4.97,3.0,HV,HA
22,6,theta,-1.2920403066044628,48.149163528448994,4.97,3.0,HV,HA
22,6,alpha,-0.05074105527173778,10.959524578806011,4.97,3.0,HV,HA
22,6,beta,0.20777443395085982,21.301823849590097,4.97,3.0,HV,HA
22,6,gamma,1.116182131222228,18.215804591722545,4.97,3.0,HV,HA
22,7,delta,-0.25913439954523476,0.5537160143633192,6.03,4.99,HV,HA
22,7,theta,-16.31832401812646,41.547803592142216,6.03,4.99,HV,HA
22,7,alpha,-2.1246356755468128,11.513246834047838,6.03,4.99,HV,HA
22,7,beta,11.766904290395626,22.129336572145753,6.03,4.99,HV,HA
22,7,gamma,6.944065804496335,24.213553720781192,6.03,4.99,HV,HA
22,8,delta,-0.2445815797013336,0.6290777090051727,7.09,5.0,HV,HA
22,8,theta,-32.1759625603781,57.373583682124426,7.09,5.0,HV,HA
22,8,alpha,-0.709902181292378,10.749614401629362,7.09,5.0,HV,HA
22,8,beta,15.746620671956487,15.710199722967092,7.09,5.0,HV,HA
22,8,gamma,17.37449949010434,15.514127976468401,7.09,5.0,HV,HA
22,9,delta,-0.1581230237271094,0.657269220567871,9.0,8.05,HV,HA
22,9,theta,-20.265936138848105,38.02201990412344,9.0,8.05,HV,HA
22,9,alpha,-0.568709699060685,10.321039261655887,9.0,8.05,HV,HA
22,9,beta,10.869955005300914,21.031161279348318,9.0,8.05,HV,HA
22,9,gamma,10.123233431498102,29.89732528519537,9.0,8.05,HV,HA
22,10,delta,-0.39787890393646863,0.41670596935916515,4.0,6.06,HV,HA
22,10,theta,-20.848473526074653,29.684720948934284,4.0,6.06,HV,HA
22,10,alpha,-1.4683761017231785,11.6447260505706,4.0,6.06,HV,HA
22,10,beta,10.298512414431855,26.649172725643517,4.0,6.06,HV,HA
22,10,gamma,12.441235791680139,31.498915825497612,4.0,6.06,HV,HA
22,11,delta,0.02230150153696253,0.8067393907296119,8.05,6.06,HV,LA
22,11,theta,-0.3051050296621298,63.213821097767315,8.05,6.06,HV,LA
22,11,alpha,-0.22729899258509256,11.834866110389932,8.05,6.06,HV,LA
22,11,beta,0.2853642967192336,13.110767194184827,8.05,6.06,HV,LA
22,11,gamma,0.2255199280213791,11.015924305334494,8.05,6.06,HV,LA
22,12,delta,-0.014985415248776168,0.7145478590517338,4.99,1.0,HV,LA
22,12,theta,0.45091809973333596,54.477675646148924,4.99,1.0,HV,LA
22,12,alpha,0.32143380513253916,12.17719849519942,4.99,1.0,HV,LA
22,12,beta,-0.2708542763644566,16.45255740742374,4.99,1.0,HV,LA
22,12,gamma,-0.487921719515775,16.156470056468912,4.99,1.0,HV,LA
22,13,delta,-0.363241859357637,0.8468674007776587,7.01,4.97,HV,LA
22,13,theta,-29.41854863900968,56.15256575513057,7.01,4.97,HV,LA
22,13,alpha,0.6077299242734675,10.07441299379396,7.01,4.97,HV,LA
22,13,beta,16.382004932777647,15.465976604685771,7.01,4.97,HV,LA
22,13,gamma,12.776618792306369,17.42750902984098,7.01,4.97,HV,LA
22,14,delta,-0.09734393350686688,0.9733048172192091,8.05,6.01,HV,LA
22,14,theta,-3.54475903303846,71.32061360353553,8.05,6.01,HV,LA
22,14,alpha,-0.23227988080117257,11.675337071555823,8.05,6.01,HV,LA
22,14,beta,1.71697628183923,8.191929176664111,8.05,6.01,HV,LA
22,14,gamma,2.154493003772937,7.827779958397121,8.05,6.01,HV,LA
22,15,delta,-0.08154775671609715,1.0196270347634298,5.0,1.0,HV,LA
22,15,theta,-4.78984137890437,59.487240902368,5.0,1.0,HV,LA
22,15,alpha,-0.14616789279284603,9.524868511809405,5.0,1.0,HV,LA
22,15,beta,3.2022627449968457,14.833999732759068,5.0,1.0,HV,LA
22,15,gamma,1.8110121222282363,15.11569041244993,5.0,1.0,HV,LA
22,16,delta,-0.20334949325449125,0.9244972145726512,6.06,4.05,HV,LA
22,16,theta,-17.65223490442191,72.11543411217727,6.06,4.05,HV,LA
22,16,alpha,0.13799503891745957,10.28191673839265,6.06,4.05,HV,LA
22,16,beta,8.002638610872605,8.533698929435275,6.06,4.05,HV,LA
22,16,gamma,9.690078083104705,8.13546110628318,6.06,4.05,HV,LA
22,17,delta,-0.12187244876277059,0.4192292769228255,5.04,4.04,HV,LA
22,17,theta,-10.335227344994088,48.21748091263257,5.04,4.04,HV,LA
22,17,alpha,0.0376498544299384,9.582163565920888,5.04,4.04,HV,LA
22,17,beta,4.781703895424698,21.871342006090295,5.04,4.04,HV,LA
22,17,gamma,5.637153790651265,19.890193091656947,5.04,4.04,HV,LA
22,18,delta,-0.26053705869755317,0.5954741284686426,8.08,6.08,HV,LA
22,18,theta,-12.876436148373628,43.896094322759716,8.08,6.08,HV,LA
22,18,alpha,0.3254715014736469,8.352930978807143,8.08,6.08,HV,LA
22,18,beta,7.33157330933383,21.061329823810517,8.08,6.08,HV,LA
22,18,gamma,5.4560224625482086,26.066501687892067,8.08,6.08,HV,LA
22,19,delta,-0.4016643490483316,0.5851503107769416,9.0,6.14,HV,LA
22,19,theta,-20.75447129839437,41.296460762865124,9.0,6.14,HV,LA
22,19,alpha,-2.999292893538197,10.748009978925893,9.0,6.14,HV,LA
22,19,beta,11.713765018980116,22.628396387439878,9.0,6.14,HV,LA
22,19,gamma,12.443386141307926,24.696985983177388,9.0,6.14,HV,LA
22,20,delta,0.013329106834021331,1.1266377713224922,7.08,5.03,HV,LA
22,20,theta,-0.4813265820897783,49.33982445888435,7.08,5.03,HV,LA
22,20,alpha,0.024990382037486825,9.25840388106307,7.08,5.03,HV,LA
22,20,beta,0.005841920397976708,21.087018956722762,7.08,5.03,HV,LA
22,20,gamma,0.4333877066301177,19.153931609695178,7.08,5.03,HV,LA
22,21,delta,-0.02711085425637272,0.8596676754124949,2.97,4.95,LV,LA
22,21,theta,-3.69643830698746,62.20960625432479,2.97,4.95,LV,LA
22,21,alpha,-0.0004688569389319497,10.867155347551321,2.97,4.95,LV,LA
22,21,beta,2.0779294938046338,12.886175276522042,2.97,4.95,LV,LA
22,21,gamma,1.6450439854738192,13.162454634270219,2.97,4.95,LV,LA
22,22,delta,-0.32061333604229303,0.9027119679836471,4.05,4.06,LV,LA
22,22,theta,-24.375285923621483,64.84369025949361,4.05,4.06,LV,LA
22,22,alpha,-0.17391494356823856,10.521029161840111,4.05,4.06,LV,LA
22,22,beta,12.004429891496772,10.935535602006286,4.05,4.06,LV,LA
22,22,gamma,12.80598513478009,12.77069495598492,4.05,4.06,LV,LA
22,23,delta,-0.21458653615499024,0.4576320323056578,2.99,5.03,LV,LA
22,23,theta,-11.982867829774811,41.09688942916782,2.99,5.03,LV,LA
22,23,alpha,1.4670902236243748,9.916452770183666,2.99,5.03,LV,LA
22,23,beta,5.048577896010453,24.257372588229423,2.99,5.03,LV,LA
22,23,gamma,5.664870835241185,24.246000626113165,2.99,5.03,LV,LA
22,24,delta,-0.002070857444879448,0.5139204671947128,1.96,7.05,LV,LA
22,24,theta,0.8834266081513604,41.25910623426034,1.96,7.05,LV,LA
22,24,alpha,-0.036602682888693394,7.697980075122894,1.96,7.05,LV,LA
22,24,beta,-0.87440038486017,25.182763929308145,1.96,7.05,LV,LA
22,24,gamma,0.03269143475603897,25.309089433179953,1.96,7.05,LV,LA
22,25,delta,-0.011688045534797298,0.9649011305629452,2.95,4.9,LV,LA
22,25,theta,-1.135439040412784,57.76049886999246,2.95,4.9,LV,LA
22,25,alpha,0.9003410541533761,8.455868256161082,2.95,4.9,LV,LA
22,25,beta,0.683616855935826,16.917108896298966,2.95,4.9,LV,LA
22,25,gamma,-0.4393974854878824,15.879299201593426,2.95,4.9,LV,LA
22,26,delta,-0.018996660457429093,0.7029657319508397,5.0,3.0,LV,LA
22,26,theta,-2.6158156548728755,49.74278970504397,5.0,3.0,LV,LA
22,26,alpha,0.46145785625650326,9.946353359927377,5.0,3.0,LV,LA
22,26,beta,1.3628991092596117,19.93362924765436,5.0,3.0,LV,LA
22,26,gamma,0.8087393326355858,19.64831820698439,5.0,3.0,LV,LA
22,27,delta,-0.008884516239847706,0.23774832824236772,7.06,5.99,LV,LA
22,27,theta,-0.5618400418080824,38.19017263731513,7.06,5.99,LV,LA
22,27,alpha,-0.07840732726371336,7.430246587026841,7.06,5.99,LV,LA
22,27,beta,0.25114838388454785,26.9888328034192,7.06,5.99,LV,LA
22,27,gamma,0.398934504561538,27.127635047841494,7.06,5.99,LV,LA
22,28,delta,0.027860725620268423,0.7530957495331683,4.03,2.01,LV,LA
22,28,theta,-13.625105933425424,54.56835704829328,4.03,2.01,LV,LA
22,28,alpha,-0.9084495077010271,8.596413337094159,4.03,2.01,LV,LA
22,28,beta,4.888011236764939,16.528685803928393,4.03,2.01,LV,LA
22,28,gamma,9.574556274612183,19.53996399027493,4.03,2.01,LV,LA
22,29,delta,-0.039164625220623916,0.47738852409594823,2.0,6.05,LV,LA
22,29,theta,-2.508114097683311,36.046382296130346,2.0,6.05,LV,LA
22,29,alpha,0.8235685894558085,8.355028098189967,2.0,6.05,LV,LA
22,29,beta,1.0345541633272077,27.38772507305733,2.0,6.05,LV,LA
22,29,gamma,0.6815950343228501,27.7057593124766,2.0,6.05,LV,LA
22,30,delta,-0.15471615102037906,0.5941767212285252,1.0,7.03,LV,LA
22,30,theta,-9.965973493616673,48.27785752399184,1.0,7.03,LV,LA
22,30,alpha,-0.35103829732179825,9.215323727895,1.0,7.03,LV,LA
22,30,beta,5.429869801767044,20.21778826240424,1.0,7.03,LV,LA
22,30,gamma,5.012338775881666,21.668032688442757,1.0,7.03,LV,LA
22,31,delta,0.024858811719506324,0.7136490123049958,2.01,1.96,LV,HA
22,31,theta,-2.3257682692142154,54.88481736751402,2.01,1.96,LV,HA
22,31,alpha,0.1686854677203531,10.973448400346381,2.01,1.96,LV,HA
22,31,beta,0.8208448057076598,17.698853986634333,2.01,1.96,LV,HA
22,31,gamma,1.3098223503191306,15.70348439094514,2.01,1.96,LV,HA
22,32,delta,-0.08879667542124792,1.1795471530996582,1.99,7.01,LV,HA
22,32,theta,-6.304819975520928,50.97163175171565,1.99,7.01,LV,HA
22,32,alpha,0.07295889356915453,9.476515097638433,1.99,7.01,LV,HA
22,32,beta,1.2637361969879812,19.19621460116248,1.99,7.01,LV,HA
22,32,gamma,5.045880464567077,19.151148242071606,1.99,7.01,LV,HA
22,33,delta,-0.11216991358488959,0.6648707055123281,1.96,7.06,LV,HA
22,33,theta,-5.440796999248114,56.27961186924913,1.96,7.06,LV,HA
22,33,alpha,0.12319370269456797,9.805353409931021,1.96,7.06,LV,HA
22,33,beta,1.3992073948817314,14.575609506311803,1.96,7.06,LV,HA
22,33,gamma,4.031435698559184,18.650290826895716,1.96,7.06,LV,HA
22,34,delta,-0.15386426959901534,1.041447929631258,5.04,7.05,LV,HA
22,34,theta,-9.370836350879678,68.46639206071035,5.04,7.05,LV,HA
22,34,alpha,0.4500109835633168,11.07506590422312,5.04,7.05,LV,HA
22,34,beta,5.412836427113902,8.795017952375286,5.04,7.05,LV,HA
22,34,gamma,3.6355191656289527,10.613491424902538,5.04,7.05,LV,HA
22,35,delta,-0.10150919241967796,0.3307581389308171,1.99,7.08,LV,HA
22,35,theta,-15.58877365367615,43.08680053173276,1.99,7.08,LV,HA
22,35,alpha,-0.7313447495737151,8.775228681390018,1.99,7.08,LV,HA
22,35,beta,12.759658810710174,23.33727912565217,1.99,7.08,LV,HA
22,35,gamma,3.652208486068819,24.43889912155732,1.99,7.08,LV,HA
22,36,delta,-0.1297069910369021,0.5328201127935923,1.96,7.06,LV,HA
22,36,theta,-10.852408413194105,49.21840764054261,1.96,7.06,LV,HA
22,36,alpha,-1.475473704297471,12.177252405704358,1.96,7.06,LV,HA
22,36,beta,7.423005788077067,18.728827008506055,1.96,7.06,LV,HA
22,36,gamma,5.005193442457427,19.3174638408584,1.96,7.06,LV,HA
22,37,delta,-0.28637537495952065,0.5511963687241638,1.0,6.05,LV,HA
22,37,theta,-18.813286782279015,45.38938203335063,1.0,6.05,LV,HA
22,37,alpha,-2.004704130296563,11.093975250206691,1.0,6.05,LV,HA
22,37,beta,8.998742488438456,20.896272013614947,1.0,6.05,LV,HA
22,37,gamma,12.081993116607936,22.038226673820724,1.0,6.05,LV,HA
22,38,delta,-0.0241679966868667,0.4779476289458576,1.0,7.05,LV,HA
22,38,theta,0.8925055163243343,45.028502248022,1.0,7.05,LV,HA
22,38,alpha,0.10345794248766715,10.587864455278332,1.0,7.05,LV,HA
22,38,beta,-0.4713681824072218,21.211751804307852,1.0,7.05,LV,HA
22,38,gamma,-0.4999821739443,22.669893188443183,1.0,7.05,LV,HA
22,39,delta,-0.240094912565881,0.6788892187996638,1.0,7.01,LV,HA
22,39,theta,-19.347881848235787,53.12749575661679,1.0,7.01,LV,HA
22,39,alpha,-0.26333630626353965,11.273486743119932,1.0,7.01,LV,HA
22,39,beta,7.521957583790279,20.21463349979974,1.0,7.01,LV,HA
22,39,gamma,12.325136836450666,14.692277760679927,1.0,7.01,LV,HA
22,40,delta,-0.40361227496566543,0.6891131784635047,2.97,1.96,LV,HA
22,40,theta,-24.340252535098905,44.830335875833285,2.97,1.96,LV,HA
22,40,alpha,-0.6234420961459648,10.804830826101213,2.97,1.96,LV,HA
22,40,beta,13.06055009838363,21.722909995233966,2.97,1.96,LV,HA
22,40,gamma,12.26401553014053,21.921359251099037,2.97,1.96,LV,HA
23,1,delta,0.037629702625040645,0.1748526622846543,7.71,6.56,HV,HA
23,1,theta,6.495241089795137,19.122363153642603,7.71,6.56,HV,HA
23,1,alpha,-1.1716126384343575,26.321492058153353,7.71,6.56,HV,HA
23,1,beta,-1.0161692367893878,33.477690476684955,7.71,6.56,HV,HA
23,1,gamma,-4.3110462937643845,20.879273253688126,7.71,6.56,HV,HA
23,2,delta,0.06615860075249608,0.30243149582315487,9.0,9.0,HV,HA
23,2,theta,0.8545416882822838,23.99544421448287,9.0,9.0,HV,HA
23,2,alpha,-2.154607224997953,24.23912850822559,9.0,9.0,HV,HA
23,2,beta,-1.3363149025902246,31.613400967326264,9.0,9.0,HV,HA
23,2,gamma,2.5480117211444835,19.822535262201544,9.0,9.0,HV,HA
23,3,delta,0.029776930155500654,0.19544446265506607,7.09,4.14,HV,HA
23,3,theta,-0.6452868579997286,19.847935501108203,7.09,4.14,HV,HA
23,3,alpha,-1.8343395270352048,24.115795831084334,7.09,4.14,HV,HA
23,3,beta,-0.2724196265270393,34.55841432193136,7.09,4.14,HV,HA
23,3,gamma,2.707583992523162,21.24802635713735,7.09,4.14,HV,HA
23,4,delta,-0.07013777178357292,0.2062060065690326,8.21,6.97,HV,HA
23,4,theta,-2.4339170203812355,20.262155986243897,8.21,6.97,HV,HA
23,4,alpha,-3.6787690583834483,20.2837291613246,8.21,6.97,HV,HA
23,4,beta,0.899799434175236,33.95386904089746,8.21,6.97,HV,HA
23,4,gamma,5.290197707670558,25.265218452357576,8.21,6.97,HV,HA
23,5,delta,-0.16975465871046092,1.0199685014202475,6.94,7.01,HV,HA
23,5,theta,-0.5562569311670664,35.4780899581954,6.94,7.01,HV,HA
23,5,alpha,1.0589633469948243,22.903351229616817,6.94,7.01,HV,HA
23,5,beta,-1.9890794868399624,26.122291227827255,6.94,7.01,HV,HA
23,5,gamma,1.6294329281134061,14.453894030276906,6.94,7.01,HV,HA
23,6,delta,-0.004093287185609612,0.22707879415954546,5.09,4.97,HV,HA
23,6,theta,2.4497519436278203,22.543158274446473,5.09,4.97,HV,HA
23,6,alpha,-4.099456184382699,20.674040605248198,5.09,4.97,HV,HA
23,6,beta,0.9854277279722439,32.23890872390299,5.09,4.97,HV,HA
23,6,gamma,0.6951206176873796,24.277845847515163,5.09,4.97,HV,HA
23,7,delta,-0.014942482094447443,0.20947777818983213,8.94,7.81,HV,HA
23,7,theta,-0.08139444140949692,22.697100734823074,8.94,7.81,HV,HA
23,7,alpha,-1.6956472252193855,27.618291744823836,8.94,7.81,HV,HA
23,7,beta,0.20386115702970642,30.38870864709311,8.94,7.81,HV,HA
23,7,gamma,1.554295549046934,19.062766493198488,8.94,7.81,HV,HA
23,8,delta,-0.09575636259680484,0.2736771878207442,7.23,4.95,HV,HA
23,8,theta,-8.209062056264298,27.51093881754739,7.23,4.95,HV,HA
23,8,alpha,-1.1971981360355706,28.795286952363522,7.23,4.95,HV,HA
23,8,beta,2.0376689298539503,29.821803686234887,7.23,4.95,HV,HA
23,8,gamma,7.478518313653254,13.574751541133185,7.23,4.95,HV,HA
23,9,delta,-0.4097319201826086,0.4382608521877705,7.03,5.0,HV,HA
23,9,theta,-20.47005700903508,33.73497222928002,7.03,5.0,HV,HA
23,9,alpha,-9.489371384280464,31.34197745547999,7.03,5.0,HV,HA
23,9,beta,9.75959449110119,26.97349679985756,7.03,5.0,HV,HA
23,9,gamma,20.564931943182955,7.50301221712405,7.03,5.0,HV,HA
23,10,delta,-0.0022048825003808947,0.25486957163101,5.01,2.99,HV,HA
23,10,theta,-2.2734217883396735,21.82274430640028,5.01,2.99,HV,HA
23,10,alpha,-3.0611068329157334,18.907818696277296,5.01,2.99,HV,HA
23,10,beta,-0.5610674807076848,35.796746405685056,5.01,2.99,HV,HA
23,10,gamma,5.9269804352659605,23.181948245798623,5.01,2.99,HV,HA
23,11,delta,-0.028779488452057383,0.1533686447371259,7.0,5.0,HV,LA
23,11,theta,0.047803140604642635,20.87557099683648,7.0,5.0,HV,LA
23,11,alpha,-0.6620698197117605,23.80259751714422,7.0,5.0,HV,LA
23,11,beta,3.753524054326469,31.522236432415625,7.0,5.0,HV,LA
23,11,gamma,-3.0647830498134354,23.62013599127598,7.0,5.0,HV,LA
23,12,delta,-0.05443780641961676,0.21111529576958504,7.0,1.91,HV,LA
23,12,theta,-1.259548157049057,25.20610395440142,7.0,1.91,HV,LA
23,12,alpha,-6.09150732213558,36.82157614756687,7.0,1.91,HV,LA
23,12,beta,-0.6457169462343657,28.33741046045808,7.0,1.91,HV,LA
23,12,gamma,8.050965044851543,9.4143020606717,7.0,1.91,HV,LA
23,13,delta,-0.02511597301578114,0.5454150137498242,8.01,5.06,HV,LA
23,13,theta,-12.986756466684042,38.35230538115726,8.01,5.06,HV,LA
23,13,alpha,-4.118182457995584,27.539486941037474,8.01,5.06,HV,LA
23,13,beta,8.800863358824074,23.62242772385803,8.01,5.06,HV,LA
23,13,gamma,8.312900308098094,9.930252125595755,8.01,5.06,HV,LA
23,14,delta,-0.02235891640716868,0.274944598189576,8.01,7.01,HV,LA
23,14,theta,-3.486549662699561,17.96198150651152,8.01,7.01,HV,LA
23,14,alpha,-0.14335498748894437,21.501102908703444,8.01,7.01,HV,LA
23,14,beta,-2.1090535004540456,34.720086350204355,8.01,7.01,HV,LA
23,14,gamma,5.817080460604416,25.50557819633984,8.01,7.01,HV,LA
23,15,delta,0.013563027218609108,0.29052127696663405,7.0,1.96,HV,LA
23,15,theta,4.861286313381338,31.95821212384147,7.0,1.96,HV,LA
23,15,alpha,2.534050024337594,23.138050997904305,7.0,1.96,HV,LA
23,15,beta,1.9293356101863424,27.01146164135836,7.0,1.96,HV,LA
23,15,gamma,-9.348646675729682,17.584497434644632,7.0,1.96,HV,LA
23,16,delta,0.009556843787357445,0.28333435541422636,5.15,1.91,HV,LA
23,16,theta,-2.4494456579471455,24.323392457490378,5.15,1.91,HV,LA
23,16,alpha,-0.5868900235705539,20.197640341479584,5.15,1.91,HV,LA
23,16,beta,-1.0227418015211995,32.624839444691915,5.15,1.91,HV,LA
23,16,gamma,4.011025403178522,22.5462026360019,5.15,1.91,HV,LA
23,17,delta,-0.023878398275962553,0.2667924965114186,2.86,1.0,HV,LA
23,17,theta,-1.859340133445154,25.178293453837483,2.86,1.0,HV,LA
23,17,alpha,-0.07100043895044017,25.186250432189016,2.86,1.0,HV,LA
23,17,beta,-3.1227401322720922,30.954803710106695,2.86,1.0,HV,LA
23,17,gamma,5.052294793749169,18.390339892822244,2.86,1.0,HV,LA
23,18,delta,-0.12300034330006039,0.6756484321352785,7.12,4.95,HV,LA
23,18,theta,-5.108916495022017,28.547492535055763,7.12,4.95,HV,LA
23,18,alpha,-2.168267653711016,24.257445001740848,7.12,4.95,HV,LA
23,18,beta,0.5224492430851981,31.987863546556156,7.12,4.95,HV,LA
23,18,gamma,6.865235814644855,14.512729941817422,7.12,4.95,HV,LA
23,19,delta,-0.0487563454342087,0.3839063730543291,8.15,5.01,HV,LA
23,19,theta,-3.683631164768247,31.899624453883263,8.15,5.01,HV,LA
23,19,alpha,-2.512403372465627,22.64122971665357,8.15,5.01,HV,LA
23,19,beta,1.812490832488784,28.841571366232237,8.15,5.01,HV,LA
23,19,gamma,4.404969277670283,16.209838750521506,8.15,5.01,HV,LA
23,20,delta,-0.09005357213107434,0.47911384780978217,3.96,1.0,HV,LA
23,20,theta,-3.1878521876421537,25.13695897768099,3.96,1.0,HV,LA
23,20,alpha,-0.6649684762670507,19.28558485132632,3.96,1.0,HV,LA
23,20,beta,0.191336820282622,33.38549600967052,3.96,1.0,HV,LA
23,20,gamma,3.770192106557751,21.68713162775655,3.96,1.0,HV,LA
23,21,delta,-0.0013796287856539594,0.1446900323981266,1.91,1.0,LV,LA
23,21,theta,-1.7497065038391932,14.211081106904732,1.91,1.0,LV,LA
23,21,alpha,-3.342645497524577,17.881358140262737,1.91,1.0,LV,LA
23,21,beta,-1.0887690163468662,37.979760893736355,1.91,1.0,LV,LA
23,21,gamma,6.195221416010085,29.734703989387548,1.91,1.0,LV,LA
23,22,delta,-0.047495753033464955,0.4368942867028869,2.97,1.0,LV,LA
23,22,theta,-3.714547577234688,29.957223843656465,2.97,1.0,LV,LA
23,22,alpha,-4.865343465505056,23.19801767314015,2.97,1.0,LV,LA
23,22,beta,4.254000517032921,29.167902823297393,2.97,1.0,LV,LA
23,22,gamma,4.350880783302529,17.20998524432018,2.97,1.0,LV,LA
23,23,delta,0.016325038416645177,0.3254070310393882,4.17,1.97,LV,LA
23,23,theta,-2.29237562693857,28.626360361269803,4.17,1.97,LV,LA
23,23,alpha,-0.39434261363216017,25.34438312167075,4.17,1.97,LV,LA
23,23,beta,0.7127926206391919,29.71194668661446,4.17,1.97,LV,LA
23,23,gamma,1.9668180105030721,15.973344542282899,4.17,1.97,LV,LA
23,24,delta,0.09281280401128959,0.24892104161246334,6.53,2.03,LV,LA
23,24,theta,1.266062245667305,35.08371888082788,6.53,2.03,LV,LA
23,24,alpha,0.2590986196428311,24.550596041929204,6.53,2.03,LV,LA
23,24,beta,-3.5691278245890032,25.435662907341065,6.53,2.03,LV,LA
23,24,gamma,1.9311688639504965,14.65205471638318,6.53,2.03,LV,LA
23,25,delta,-0.01916768726894673,0.2768460936733526,4.97,1.0,LV,LA
23,25,theta,-4.771829082469855,19.415482205736133,4.97,1.0,LV,LA
23,25,alpha,-0.43087707694399846,23.955336124809385,4.97,1.0,LV,LA
23,25,beta,-2.3580979109936635,34.696940006334906,4.97,1.0,LV,LA
23,25,gamma,7.597077999854626,21.620849060416987,4.97,1.0,LV,LA
23,26,delta,-0.4355198475869113,0.4946536208670118,8.27,5.0,LV,LA
23,26,theta,-21.453317227103323,37.94803213452621,8.27,5.0,LV,LA
23,26,alpha,-1.956286564381756,28.15158043412611,8.27,5.0,LV,LA
23,26,beta,9.314902916224913,24.07817461372632,8.27,5.0,LV,LA
23,26,gamma,14.533113776152689,9.319033064541417,8.27,5.0,LV,LA
23,27,delta,0.15960528113380312,0.14913337010988956,5.06,1.05,LV,LA
23,27,theta,4.128074808647067,18.56653647392201,5.06,1.05,LV,LA
23,27,alpha,-3.202944410751819,24.88927633300457,5.06,1.05,LV,LA
23,27,beta,-13.92430214837428,33.790158103759765,5.06,1.05,LV,LA
23,27,gamma,12.836766920171211,22.56657754882216,5.06,1.05,LV,LA
23,28,delta,-0.11365486043835313,0.16861803783799093,5.04,1.0,LV,LA
23,28,theta,-1.988496799240469,16.7684458681481,5.04,1.0,LV,LA
23,28,alpha,0.1792873191219968,27.16650174907425,5.04,1.0,LV,LA
23,28,beta,-1.225943745805374,32.953111371400006,5.04,1.0,LV,LA
23,28,gamma,3.155218764553517,22.915231626257906,5.04,1.0,LV,LA
23,29,delta,-0.09272329734703355,0.26947679276837366,3.72,1.06,LV,LA
23,29,theta,0.18201720028050694,17.343228349586347,3.72,1.06,LV,LA
23,29,alpha,0.06055419245112681,20.488924955552825,3.72,1.06,LV,LA
23,29,beta,-2.197425037157579,35.49617994284734,3.72,1.06,LV,LA
23,29,gamma,1.9992176731305662,26.36980437595379,3.72,1.06,LV,LA
23,30,delta,-0.31404124681181295,0.5276126801328772,3.88,1.19,LV,LA
23,30,theta,-17.442775786468918,37.86375997792804,3.88,1.19,LV,LA
23,30,alpha,-9.431813426055859,27.984877770371547,3.88,1.19,LV,LA
23,30,beta,10.674848678732356,23.37296094818328,3.88,1.19,LV,LA
23,30,gamma,16.463717323369245,10.23918228159874,3.88,1.19,LV,LA
23,31,delta,-0.09356613417189946,0.5248431192216536,4.86,1.0,LV,HA
23,31,theta,-5.05745361005315,24.92553093461298,4.86,1.0,LV,HA
23,31,alpha,-2.31375781856719,17.26070204763494,4.86,1.0,LV,HA
23,31,beta,-2.5047101396263685,32.646316499609306,4.86,1.0,LV,HA
23,31,gamma,9.991665449866623,24.606894207787988,4.86,1.0,LV,HA
23,32,delta,-0.07465186783979731,0.24962592787183593,7.97,7.04,LV,HA
23,32,theta,-4.556849566714153,21.65314426887562,7.97,7.04,LV,HA
23,32,alpha,-1.645762029843361,27.381702806358355,7.97,7.04,LV,HA
23,32,beta,0.333079023952763,32.14181560621181,7.97,7.04,LV,HA
23,32,gamma,5.942595181447352,18.54235695132831,7.97,7.04,LV,HA
23,33,delta,-0.05911161270883801,0.24985938656071394,5.04,1.0,LV,HA
23,33,theta,-8.21412458334614,28.12052049054618,5.04,1.0,LV,HA
23,33,alpha,-4.16840114387772,22.93337131719128,5.04,1.0,LV,HA
23,33,beta,2.2692571361058356,30.661786231425836,5.04,1.0,LV,HA
23,33,gamma,10.13741104758676,18.009899287047922,5.04,1.0,LV,HA
23,34,delta,0.056229526535000296,0.2574876744941125,6.72,6.35,LV,HA
23,34,theta,5.259765368512854,22.41195892564675,6.72,6.35,LV,HA
23,34,alpha,-2.0478189906678583,23.181554921115467,6.72,6.35,LV,HA
23,34,beta,0.3082505566165423,33.48954694196155,6.72,6.35,LV,HA
23,34,gamma,-3.54973898797774,20.63197116021361,6.72,6.35,LV,HA
23,35,delta,0.0019848126977847352,0.28940947973147424,5.18,1.0,LV,HA
23,35,theta,-11.581626850200365,34.989955917643904,5.18,1.0,LV,HA
23,35,alpha,-4.020620794070149,24.61181607147721,5.18,1.0,LV,HA
23,35,beta,4.0587195671945295,29.165262424642737,5.18,1.0,LV,HA
23,35,gamma,11.518833980657568,10.931527999653829,5.18,1.0,LV,HA
23,36,delta,-0.05537176103869709,0.4829679476489249,4.92,1.0,LV,HA
23,36,theta,-4.312118243786342,35.62809249243551,4.92,1.0,LV,HA
23,36,alpha,0.3770741257972574,22.66053600279423,4.92,1.0,LV,HA
23,36,beta,1.1193917233436252,25.692242351397585,4.92,1.0,LV,HA
23,36,gamma,2.858469349659085,15.513709060318249,4.92,1.0,LV,HA
23,37,delta,-0.05005313040787021,0.3075064556029443,4.31,1.0,LV,HA
23,37,theta,-7.466336813570573,33.932757266405865,4.31,1.0,LV,HA
23,37,alpha,-1.8051288183313847,22.949487520760698,4.31,1.0,LV,HA
23,37,beta,-1.4285851474820035,25.689131188234335,4.31,1.0,LV,HA
23,37,gamma,10.729755998881153,17.096094908534774,4.31,1.0,LV,HA
23,38,delta,-0.07304424464247253,0.15359251288847495,4.97,1.0,LV,HA
23,38,theta,-0.9154613241929948,13.977924569136395,4.97,1.0,LV,HA
23,38,alpha,-2.5618506399229606,19.225965253983446,4.97,1.0,LV,HA
23,38,beta,-1.4717796940582772,37.038586771443185,4.97,1.0,LV,HA
23,38,gamma,4.99799439200531,29.55834966840025,4.97,1.0,LV,HA
23,39,delta,-0.1772220907543351,0.3069789443678068,5.0,1.0,LV,HA
23,39,theta,-11.83618392482845,25.247235782542504,5.0,1.0,LV,HA
23,39,alpha,-3.6522029834907954,25.152985706095382,5.0,1.0,LV,HA
23,39,beta,3.109938131132253,32.46359415281297,5.0,1.0,LV,HA
23,39,gamma,12.50245798116984,16.796977642191408,5.0,1.0,LV,HA
23,40,delta,-0.06113656054253008,0.33049293322030815,4.88,1.0,LV,HA
23,40,theta,-8.298385133607875,22.655001102898083,4.88,1.0,LV,HA
23,40,alpha,-8.191054277206602,24.302156147754495,4.88,1.0,LV,HA
23,40,beta,2.9301649427708867,34.39367059802139,4.88,1.0,LV,HA
23,40,gamma,13.598817725237684,18.28901392081146,4.88,1.0,LV,HA
24,1,delta,-0.3470479692704478,1.4609383005013044,7.06,6.09,HV,HA
24,1,theta,-14.658485989597615,77.28588787639829,7.06,6.09,HV,HA
24,1,alpha,11.84854283946969,15.82189116326526,7.06,6.09,HV,HA
24,1,beta,2.9355515039574653,4.254819847830994,7.06,6.09,HV,HA
24,1,gamma,0.22128639225368674,1.1747782468133305,7.06,6.09,HV,HA
24,2,delta,-0.2735279333815235,1.45192726035169,6.04,6.09,HV,HA
24,2,theta,-12.287174351746813,81.2855895687224,6.04,6.09,HV,HA
24,2,alpha,9.398178445905518,14.049113338231411,6.04,6.09,HV,HA
24,2,beta,2.559822421527635,2.6242683082833542,6.04,6.09,HV,HA
24,2,gamma,0.6017478935318381,0.5882893528922529,6.04,6.09,HV,HA
24,3,delta,0.37484201956594254,1.0099849522562712,8.96,7.12,HV,HA
24,3,theta,-9.425968718636739,73.20952348414757,8.96,7.12,HV,HA
24,3,alpha,6.310420234831721,16.82287430105457,8.96,7.12,HV,HA
24,3,beta,2.4756493507071813,5.638034097331586,8.96,7.12,HV,HA
24,3,gamma,0.26520034327989395,3.3132700112318982,8.96,7.12,HV,HA
24,4,delta,-0.07035052209814718,1.0521049198326673,6.05,7.05,HV,HA
24,4,theta,-8.984917706604307,78.51433174148555,6.05,7.05,HV,HA
24,4,alpha,7.107807697624413,16.414520721612675,6.05,7.05,HV,HA
24,4,beta,1.838423975205091,3.5526022648740794,6.05,7.05,HV,HA
24,4,gamma,0.10829882408618419,0.4657962186927692,6.05,7.05,HV,HA
24,5,delta,-0.2278238394466251,1.233605576696182,7.06,5.96,HV,HA
24,5,theta,-8.656420427389108,81.44415485419266,7.06,5.96,HV,HA
24,5,alpha,7.836458723166128,13.88103877080857,7.06,5.96,HV,HA
24,5,beta,1.4920194548185606,2.832681963368909,7.06,5.96,HV,HA
24,5,gamma,-0.4436307125372303,0.6077976935806368,7.06,5.96,HV,HA
24,6,delta,-0.3421968893502707,1.5303466560911956,5.96,5.99,HV,HA
24,6,theta,-15.767458806685546,80.17420525338778,5.96,5.99,HV,HA
24,6,alpha,12.269929256765982,14.472997792476043,5.96,5.99,HV,HA
24,6,beta,3.245621583855769,3.329093549075788,5.96,5.99,HV,HA
24,6,gamma,0.5933186972517992,0.49273747061479634,5.96,5.99,HV,HA
24,7,delta,-0.38507776983859676,1.4775790334519203,3.04,5.94,HV,HA
24,7,theta,-14.76802445661663,76.49812045208816,3.04,5.94,HV,HA
24,7,alpha,11.702637872440146,14.730752230085354,3.04,5.94,HV,HA
24,7,beta,2.9976845237275516,5.322445011179948,3.04,5.94,HV,HA
24,7,gamma,0.45240740888634856,1.9686052012004227,3.04,5.94,HV,HA
24,8,delta,-0.40682350865496664,1.378863641729684,7.03,4.99,HV,HA
24,8,theta,-14.993513116130671,76.5351647909018,7.03,4.99,HV,HA
24,8,alpha,10.397155429089711,16.616761813929113,7.03,4.99,HV,HA
24,8,beta,4.8197491110013475,4.408298707186716,7.03,4.99,HV,HA
24,8,gamma,0.18285689984802977,1.0594950827717717,7.03,4.99,HV,HA
24,9,delta,-0.3630700211708703,1.176594376064008,7.08,5.01,HV,HA
24,9,theta,-16.335084251243515,77.17569773434906,7.08,5.01,HV,HA
24,9,alpha,9.670828738697054,16.015065175004622,7.08,5.01,HV,HA
24,9,beta,4.878982114975988,4.238440437620484,7.08,5.01,HV,HA
24,9,gamma,2.1451668455760644,1.392603044363351,7.08,5.01,HV,HA
24,10,delta,-0.3500579029596407,1.4289797982437293,5.01,5.04,HV,HA
24,10,theta,-12.071828353611693,78.29707166658864,5.01,5.04,HV,HA
24,10,alpha,10.783171151104437,16.331273047820144,5.01,5.04,HV,HA
24,10,beta,1.5074467490441714,3.193101304566515,5.01,5.04,HV,HA
24,10,gamma,0.13175606498533143,0.7483525796827779,5.01,5.04,HV,HA
24,11,delta,-0.5027916149404783,1.0056219833178277,7.03,5.06,HV,LA
24,11,theta,-12.20178117088566,79.12760578503256,7.03,5.06,HV,LA
24,11,alpha,9.454373802787764,15.612924610945763,7.03,5.06,HV,LA
24,11,beta,2.953673873493818,3.663349553123897,7.03,5.06,HV,LA
24,11,gamma,0.2970022452540867,0.5898944768425081,7.03,5.06,HV,LA
24,12,delta,-0.16027781269776975,1.3116074333575698,7.04,3.06,HV,LA
24,12,theta,-8.928568959270905,77.73390850324296,7.04,3.06,HV,LA
24,12,alpha,7.18552303172169,16.724158222639016,7.04,3.06,HV,LA
24,12,beta,1.9512291366366403,3.4812915591140565,7.04,3.06,HV,LA
24,12,gamma,-0.04847894430302613,0.748158670223763,7.04,3.06,HV,LA
24,13,delta,-0.5099580460388384,1.626732814326315,8.0,6.06,HV,LA
24,13,theta,-16.17914227117192,80.37028353290219,8.0,6.06,HV,LA
24,13,alpha,14.10224388132432,14.084083435870754,8.0,6.06,HV,LA
24,13,beta,2.4860982436239905,3.2737205233168027,8.0,6.06,HV,LA
24,13,gamma,0.10097128082614004,0.6443698669584108,8.0,6.06,HV,LA
24,14,delta,-0.14125812247137293,1.303902046179882,8.05,6.04,HV,LA
24,14,theta,-10.46811216445289,77.65467355638759,8.05,6.04,HV,LA
24,14,alpha,8.410530451911924,16.093704749037848,8.05,6.04,HV,LA
24,14,beta,2.2726294304995855,4.079925634437543,8.05,6.04,HV,LA
24,14,gamma,-0.07376190675254968,0.8667928917368404,8.05,6.04,HV,LA
24,15,delta,-0.4012395933300106,1.2625938963420071,6.0,2.0,HV,LA
24,15,theta,-13.082695941338912,77.18308646430735,6.0,2.0,HV,LA
24,15,alpha,9.942348962444807,16.436843956535363,6.0,2.0,HV,LA
24,15,beta,3.589677634537133,4.2457762468347,6.0,2.0,HV,LA
24,15,gamma,-0.04746560207253259,0.8700808196012408,6.0,2.0,HV,LA
24,16,delta,0.02475536184350724,1.285585634793184,4.0,4.06,HV,LA
24,16,theta,-12.354873860212095,78.37278967862565,4.0,4.06,HV,LA
24,16,alpha,10.27499437097201,15.901756137999456,4.0,4.06,HV,LA
24,16,beta,1.9681778934602718,3.46509584961151,4.0,4.06,HV,LA
24,16,gamma,0.08587205215629856,0.9739551903316677,4.0,4.06,HV,LA
24,17,delta,-0.471215343539267,1.3705609764237594,4.08,5.99,HV,LA
24,17,theta,-8.342597455169155,83.14006674560392,4.08,5.99,HV,LA
24,17,alpha,7.054585507310927,12.893722987032476,4.08,5.99,HV,LA
24,17,beta,1.6704404016353998,2.2798491217215155,4.08,5.99,HV,LA
24,17,gamma,0.08857894201094618,0.31528709791993115,4.08,5.99,HV,LA
24,18,delta,-0.2758819678116998,1.1044184614631574,8.96,7.0,HV,LA
24,18,theta,-8.844574328180073,80.80908619987315,8.96,7.0,HV,LA
24,18,alpha,7.281346784146024,14.23181603293638,8.96,7.0,HV,LA
24,18,beta,1.5532950701034505,2.7575810480829874,8.96,7.0,HV,LA
24,18,gamma,0.28557603653772023,1.0957460819423284,8.96,7.0,HV,LA
24,19,delta,-0.005468405076130445,1.7173838893793503,7.03,5.05,HV,LA
24,19,theta,-7.287168504830575,82.28924215156644,7.03,5.05,HV,LA
24,19,alpha,5.675212516379743,13.304647769535539,7.03,5.05,HV,LA
24,19,beta,1.391160937912384,2.338150054193326,7.03,5.05,HV,LA
24,19,gamma,0.22577110895364622,0.350082862293532,7.03,5.05,HV,LA
24,20,delta,-0.30231102347266436,0.9971421471009674,4.03,6.08,HV,LA
24,20,theta,-9.890794443524115,82.43404040167744,4.03,6.08,HV,LA
24,20,alpha,8.107202106818496,12.705380490051233,4.03,6.08,HV,LA
24,20,beta,1.932582589052024,2.8237210547328275,4.03,6.08,HV,LA
24,20,gamma,0.15303589884454394,1.0382703932115214,4.03,6.08,HV,LA
24,21,delta,-0.23339157519249354,1.1859771824849017,1.96,8.05,LV,LA
24,21,theta,-7.497299755713513,83.39887788842034,1.96,8.05,LV,LA
24,21,alpha,5.509148439707127,12.087711511855463,1.96,8.05,LV,LA
24,21,beta,1.6847525698758408,2.6555688549077536,1.96,8.05,LV,LA
24,21,gamma,0.5361456028055898,0.6710984599157184,1.96,8.05,LV,LA
24,22,delta,-0.24803743868928585,1.2070918860457516,3.03,6.06,LV,LA
24,22,theta,-8.465862703873356,81.62197098171606,3.03,6.06,LV,LA
24,22,alpha,6.814804418226528,13.986684855119776,3.03,6.06,LV,LA
24,22,beta,1.8775522656730055,2.635590741899766,3.03,6.06,LV,LA
24,22,gamma,0.02163367092821933,0.5479622121411345,3.03,6.06,LV,LA
24,23,delta,-0.17602833396204876,1.4968866702725263,1.0,8.06,LV,LA
24,23,theta,-6.940781987345545,82.75140079753498,1.0,8.06,LV,LA
24,23,alpha,5.256334761726883,12.995290205046398,1.0,8.06,LV,LA
24,23,beta,1.1314955739896568,2.1709916635225364,1.0,8.06,LV,LA
24,23,gamma,0.7287352355714487,0.5846424534049033,1.0,8.06,LV,LA
24,24,delta,-0.5754929768212422,1.34566309389196,2.99,6.06,LV,LA
24,24,theta,-14.234769369033017,81.67122977408101,2.99,6.06,LV,LA
24,24,alpha,12.496105621882915,13.401502321223475,2.99,6.06,LV,LA
24,24,beta,2.1246939274996794,2.8767651603009616,2.99,6.06,LV,LA
24,24,gamma,0.1884459526546114,0.7042208419823497,2.99,6.06,LV,LA
24,25,delta,-0.0224929524536428,1.3280212307233983,3.12,6.99,LV,LA
24,25,theta,-8.759219720541935,77.17445104157565,3.12,6.99,LV,LA
24,25,alpha,7.588867706800027,17.23295145526624,3.12,6.99,LV,LA
24,25,beta,1.3776045513093451,3.5859197522795174,3.12,6.99,LV,LA
24,25,gamma,-0.1844149526101715,0.6777384485918793,3.12,6.99,LV,LA
24,26,delta,-0.3354804597327834,1.4978339195492372,4.05,6.99,LV,LA
24,26,theta,-8.72641856652102,77.9741253846575,4.05,6.99,LV,LA
24,26,alpha,4.967610146538531,16.770339275913024,4.05,6.99,LV,LA
24,26,beta,3.1505714058797407,3.2250429794188458,4.05,6.99,LV,LA
24,26,gamma,0.9408542560042072,0.5321942209199686,4.05,6.99,LV,LA
24,27,delta,-0.2526045899927345,1.342746851235671,6.08,5.03,LV,LA
24,27,theta,-6.951639321015108,82.44646620042201,6.08,5.03,LV,LA
24,27,alpha,5.418783295059635,11.848617679271683,6.08,5.03,LV,LA
24,27,beta,1.6075669381723743,3.0475766442303076,6.08,5.03,LV,LA
24,27,gamma,0.17739505595249683,1.3129596926284972,6.08,5.03,LV,LA
24,28,delta,-0.4212358690925997,1.3596856185035207,4.03,6.05,LV,LA
24,28,theta,-13.716413963886822,78.92034704693944,4.03,6.05,LV,LA
24,28,alpha,10.015453784099087,15.592159111851476,4.03,6.05,LV,LA
24,28,beta,3.021703056973129,3.2706626280055193,4.03,6.05,LV,LA
24,28,gamma,1.0981907439438634,0.856222371426115,4.03,6.05,LV,LA
24,29,delta,-0.2622408739964641,1.787515994200684,3.97,6.04,LV,LA
24,29,theta,-6.758302705680606,82.12923716024653,3.97,6.04,LV,LA
24,29,alpha,5.381651319779126,12.791614960072831,3.97,6.04,LV,LA
24,29,beta,1.611092698158945,2.671532314067605,3.97,6.04,LV,LA
24,29,gamma,0.02836981083365253,0.6193599842776892,3.97,6.04,LV,LA
24,30,delta,-0.2532382022784945,1.3848670201248146,1.0,8.03,LV,LA
24,30,theta,-10.330971311263994,80.97503730297146,1.0,8.03,LV,LA
24,30,alpha,8.902135348121652,14.30478781189821,1.0,8.03,LV,LA
24,30,beta,1.6499549697480207,2.78774065909739,1.0,8.03,LV,LA
24,30,gamma,0.03151537054896825,0.5468655827783891,1.0,8.03,LV,LA
24,31,delta,-0.18963177867936176,1.1623005875585934,2.94,7.97,LV,HA
24,31,theta,-14.90505401317293,81.50674597051653,2.94,7.97,LV,HA
24,31,alpha,12.414014978391458,13.125087168130143,2.94,7.97,LV,HA
24,31,beta,2.4345142211325053,3.101026965427016,2.94,7.97,LV,HA
24,31,gamma,0.24625060710328106,1.1038618802918618,2.94,7.97,LV,HA
24,32,delta,-0.11035166333146296,1.1045810139000893,3.0,8.01,LV,HA
24,32,theta,-12.01336793883037,80.33252590974611,3.0,8.01,LV,HA
24,32,alpha,9.555595665650028,15.1962711196802,3.0,8.01,LV,HA
24,32,beta,2.3042776000158054,2.778794760080244,3.0,8.01,LV,HA
24,32,gamma,0.26266845580118914,0.5870123191264098,3.0,8.01,LV,HA
24,33,delta,-0.29762816252997326,1.5524736950915567,5.01,3.03,LV,HA
24,33,theta,-12.066680977946206,77.39699124925649,5.01,3.03,LV,HA
24,33,alpha,9.009578743384443,15.85749991923093,5.01,3.03,LV,HA
24,33,beta,3.0249587192913756,4.008155244278287,5.01,3.03,LV,HA
24,33,gamma,0.3304853542108461,1.1832384359676995,5.01,3.03,LV,HA
24,34,delta,-0.5113105590198397,1.5601577647697287,4.05,5.01,LV,HA
24,34,theta,-20.630515332445455,74.92566344203496,4.05,5.01,LV,HA
24,34,alpha,18.45815700036195,17.95765341011622,4.05,5.01,LV,HA
24,34,beta,2.441086358720005,4.055056124821273,4.05,5.01,LV,HA
24,34,gamma,0.24225155387265362,1.4996881970947904,4.05,5.01,LV,HA
24,35,delta,-0.40898567166437305,1.0643450549674651,4.05,6.03,LV,HA
24,35,theta,-19.996489588011634,74.3107657306667,4.05,6.03,LV,HA
24,35,alpha,13.082833051762549,20.116590461724833,4.05,6.03,LV,HA
24,35,beta,5.546466165382688,3.756749337727291,4.05,6.03,LV,HA
24,35,gamma,1.7746875377532796,0.7506108765410613,4.05,6.03,LV,HA
24,36,delta,-0.35758725252208234,1.3836448235711263,4.0,4.96,LV,HA
24,36,theta,-8.922420746485315,79.41143579127683,4.0,4.96,LV,HA
24,36,alpha,7.0951024490539325,13.875558782906868,4.0,4.96,LV,HA
24,36,beta,2.140594015399316,4.021235864571966,4.0,4.96,LV,HA
24,36,gamma,0.04385079847576345,1.3070463091144426,4.0,4.96,LV,HA
24,37,delta,-0.18263236767937774,1.1283415891678987,4.0,6.0,LV,HA
24,37,theta,-14.671939119434299,78.47843262261571,4.0,6.0,LV,HA
24,37,alpha,11.89076720428012,15.388917634349319,4.0,6.0,LV,HA
24,37,beta,2.342877433413006,3.7754029154445465,4.0,6.0,LV,HA
24,37,gamma,0.619702285438682,1.2265522989013202,4.0,6.0,LV,HA
24,38,delta,-0.13595615604173839,1.1820994424806672,2.03,7.08,LV,HA
24,38,theta,-17.31062108374671,80.50856509137677,2.03,7.08,LV,HA
24,38,alpha,13.9313904477259,14.273187321550788,2.03,7.08,LV,HA
24,38,beta,3.224126053949371,3.2080215390799247,2.03,7.08,LV,HA
24,38,gamma,0.2911108128515951,0.8270857813040449,2.03,7.08,LV,HA
24,39,delta,-0.12259979494413131,0.9545457120681912,2.12,7.95,LV,HA
24,39,theta,-10.48361162336272,81.10710337758033,2.12,7.95,LV,HA
24,39,alpha,8.475929484252557,14.347894112377158,2.12,7.95,LV,HA
24,39,beta,1.9892978279617517,2.886043302383484,2.12,7.95,LV,HA
24,39,gamma,0.1406125576695999,0.7037865751908532,2.12,7.95,LV,HA
24,40,delta,-0.3220412652312221,1.567826919605793,5.0,2.97,LV,HA
24,40,theta,-16.380632055260968,78.7996382055989,5.0,2.97,LV,HA
24,40,alpha,13.21453520369398,14.68388683025266,5.0,2.97,LV,HA
24,40,beta,3.272493467284322,3.9724078395587457,5.0,2.97,LV,HA
24,40,gamma,0.2152106704982002,0.9747566671812617,5.0,2.97,LV,HA
25,1,delta,0.17569924461612718,0.8184285964814413,8.06,8.08,HV,HA
25,1,theta,10.803009718100078,70.30770523788215,8.06,8.08,HV,HA
25,1,alpha,-7.311580173266334,12.586742112127416,8.06,8.08,HV,HA
25,1,beta,-3.7839924782248477,10.029849008774534,8.06,8.08,HV,HA
25,1,gamma,0.1186749042604669,6.251478795911136,8.06,8.08,HV,HA
25,2,delta,0.03870748996417128,0.7217837562704851,2.99,6.06,HV,HA
25,2,theta,-6.824347000014711,54.32715890114315,2.99,6.06,HV,HA
25,2,alpha,-7.4164860088218365,15.537989616984945,2.99,6.06,HV,HA
25,2,beta,3.200117979034289,15.227480501460391,2.99,6.06,HV,HA
25,2,gamma,10.986754195835026,14.167825512048282,2.99,6.06,HV,HA
25,3,delta,-0.21291138663943998,0.7131477313035315,7.12,7.09,HV,HA
25,3,theta,-14.09773557922994,56.521684775845166,7.12,7.09,HV,HA
25,3,alpha,-5.672533801306624,12.328552327368891,7.12,7.09,HV,HA
25,3,beta,7.9739663760422195,15.937355949799457,7.12,7.09,HV,HA
25,3,gamma,11.99751685516117,14.48309771385987,7.12,7.09,HV,HA
25,4,delta,0.009038347715234707,0.866494702493678,5.0,2.01,HV,HA
25,4,theta,-2.740585864517257,64.76944947330392,5.0,2.01,HV,HA
25,4,alpha,-4.57487496069378,16.597145858310103,5.0,2.01,HV,HA
25,4,beta,2.1350330294722504,10.909176667642559,5.0,2.01,HV,HA
25,4,gamma,5.16644950214905,6.850470295464674,5.0,2.01,HV,HA
25,5,delta,0.08814673931617312,0.8489517693095477,5.04,1.94,HV,HA
25,5,theta,-0.9507605968778705,65.42932262382172,5.04,1.94,HV,HA
25,5,alpha,-4.592378760673332,14.717731294406668,5.04,1.94,HV,HA
25,5,beta,1.254219377769937,11.320202410285226,5.04,1.94,HV,HA
25,5,gamma,4.193649431068639,7.676246040469868,5.04,1.94,HV,HA
25,6,delta,0.13515909681231342,0.750227620335756,5.0,6.06,HV,HA
25,6,theta,0.12337452363409795,68.9767036754398,5.0,6.06,HV,HA
25,6,alpha,-1.6343438737835925,18.10944430055533,5.0,6.06,HV,HA
25,6,beta,-0.012028766383814116,9.4305769954434,5.0,6.06,HV,HA
25,6,gamma,1.386790816603167,2.7303772643707305,5.0,6.06,HV,HA
25,7,delta,0.032920438238599026,0.6276025137720611,6.08,8.05,HV,HA
25,7,theta,-4.8435304195661075,63.64104926074988,6.08,8.05,HV,HA
25,7,alpha,-1.6112779300129567,16.977448556927996,6.08,8.05,HV,HA
25,7,beta,2.224561386781101,11.175800067427403,6.08,8.05,HV,HA
25,7,gamma,4.196346185743297,7.571982505373832,6.08,8.05,HV,HA
25,8,delta,0.15196305151645872,1.2914629585857753,8.04,8.06,HV,HA
25,8,theta,-1.2571075001343743,61.95202999336094,8.04,8.06,HV,HA
25,8,alpha,-5.373925907742587,14.993833985811479,8.04,8.06,HV,HA
25,8,beta,0.8432927383660775,11.607786852340391,8.04,8.06,HV,HA
25,8,gamma,5.628478052532955,10.143175375686525,8.04,8.06,HV,HA
25,9,delta,0.9212433153550772,2.157884262105159,8.09,7.99,HV,HA
25,9,theta,12.277047656571675,73.5973950722463,8.09,7.99,HV,HA
25,9,alpha,-7.263677472310071,15.981970936535452,8.09,7.99,HV,HA
25,9,beta,-4.893430013251882,5.472092490630483,8.09,7.99,HV,HA
25,9,gamma,-1.039133876779005,2.7856278657328186,8.09,7.99,HV,HA
25,10,delta,-0.05723188642622301,0.6913234649839992,1.0,6.12,HV,HA
25,10,theta,-9.88308522733648,56.68697329137479,1.0,6.12,HV,HA
25,10,alpha,-6.657009407078748,12.614783399067377,1.0,6.12,HV,HA
25,10,beta,4.734272984262658,14.965818395487233,1.0,6.12,HV,HA
25,10,gamma,11.846099780168645,15.017224729567097,1.0,6.12,HV,HA
25,11,delta,0.09083661364832774,0.6781296598457773,9.0,9.0,HV,LA
25,11,theta,-10.628649665818905,53.37911377923983,9.0,9.0,HV,LA
25,11,alpha,-4.506555370096862,14.045577002837923,9.0,9.0,HV,LA
25,11,beta,5.79907420142175,17.593380190225293,9.0,9.0,HV,LA
25,11,gamma,9.230702435211517,14.283510369993719,9.0,9.0,HV,LA
25,12,delta,-0.11488410444774777,0.6733308057646143,8.04,8.08,HV,LA
25,12,theta,-4.151400365643312,58.17367742418982,8.04,8.08,HV,LA
25,12,alpha,-3.951100129073456,17.25121267000705,8.04,8.08,HV,LA
25,12,beta,2.872874797246215,13.669308122891419,8.04,8.08,HV,LA
25,12,gamma,5.337814407222367,10.221124697473005,8.04,8.08,HV,LA
25,13,delta,-0.17664531834753128,0.5055481799984529,7.97,6.04,HV,LA
25,13,theta,-14.331316580784005,49.459679440577844,7.97,6.04,HV,LA
25,13,alpha,-4.239633297455663,14.74753639507362,7.97,6.04,HV,LA
25,13,beta,6.814617516500819,18.97527045765716,7.97,6.04,HV,LA
25,13,gamma,11.92480521106961,16.297718019299325,7.97,6.04,HV,LA
25,14,delta,0.4474949190770238,0.8660316467912359,8.09,7.04,HV,LA
25,14,theta,-8.715680814347984,59.463230524720515,8.09,7.04,HV,LA
25,14,alpha,-6.592106824205368,13.24589913179479,8.09,7.04,HV,LA
25,14,beta,5.904586440106913,15.798174402957645,8.09,7.04,HV,LA
25,14,gamma,8.94576861351902,10.616955171570659,8.09,7.04,HV,LA
25,15,delta,0.038991703635681496,1.0774385429884865,7.01,5.08,HV,LA
25,15,theta,-10.217831273924034,54.0009614024135,7.01,5.08,HV,LA
25,15,alpha,-4.722607849175441,15.896673049491616,7.01,5.08,HV,LA
25,15,beta,6.853415940197621,16.624131147316405,7.01,5.08,HV,LA
25,15,gamma,8.045715510318159,12.39162687935881,7.01,5.08,HV,LA
25,16,delta,0.7554847896294742,0.9934793926427535,6.05,3.01,HV,LA
25,16,theta,10.949131034624308,46.27430113002559,6.05,3.01,HV,LA
25,16,alpha,-8.657152862263663,6.867223876384585,6.05,3.01,HV,LA
25,16,beta,-5.731759799275739,21.915808827329514,6.05,3.01,HV,LA
25,16,gamma,2.708261232889118,23.932417293360402,6.05,3.01,HV,LA
25,17,delta,-0.12291637268455025,0.809467426400134,5.04,5.04,HV,LA
25,17,theta,3.0407169801432303,71.70297349502536,5.04,5.04,HV,LA
25,17,alpha,-5.7677730312456745,14.841195548788694,5.04,5.04,HV,LA
25,17,beta,0.12412905609078884,8.514723409401807,5.04,5.04,HV,LA
25,17,gamma,2.7236770811273736,4.128068393090466,5.04,5.04,HV,LA
25,18,delta,0.39968838504924586,0.8845373003715452,3.04,6.04,HV,LA
25,18,theta,-6.015288171862373,52.07698158132478,3.04,6.04,HV,LA
25,18,alpha,-10.04116891292254,9.377039178641553,3.04,6.04,HV,LA
25,18,beta,4.6858751500398625,17.49594900698111,3.04,6.04,HV,LA
25,18,gamma,10.953504545394292,20.138521452822516,3.04,6.04,HV,LA
25,19,delta,0.19632304861413497,1.0180479794217594,7.06,6.08,HV,LA
25,19,theta,-3.11583131356133,63.649544377335985,7.06,6.08,HV,LA
25,19,alpha,-6.722960926673567,13.356530078793764,7.06,6.08,HV,LA
25,19,beta,3.4120135417419455,13.094985732872724,7.06,6.08,HV,LA
25,19,gamma,6.221474326818976,8.867291236772479,7.06,6.08,HV,LA
25,20,delta,0.5391087400599381,1.739487341784122,7.08,7.09,HV,LA
25,20,theta,0.669433780086166,65.54490198168763,7.08,7.09,HV,LA
25,20,alpha,-6.168986349076466,14.598247162430956,7.08,7.09,HV,LA
25,20,beta,1.128285751910024,11.14860653450749,7.08,7.09,HV,LA
25,20,gamma,3.8235759955911734,6.955527048855048,7.08,7.09,HV,LA
25,21,delta,-0.13500778274936043,0.6283611259934224,6.03,5.0,LV,LA
25,21,theta,-15.888635026537045,46.90004408485603,6.03,5.0,LV,LA
25,21,alpha,-1.750820451246529,16.422688107394887,6.03,5.0,LV,LA
25,21,beta,6.735280670777529,18.750161851638502,6.03,5.0,LV,LA
25,21,gamma,11.024240728795371,17.274785463049625,6.03,5.0,LV,LA
25,22,delta,0.3658159245951158,0.9932853513814398,8.03,7.06,LV,LA
25,22,theta,-11.366237161256144,54.979011476682516,8.03,7.06,LV,LA
25,22,alpha,-3.3653919814709674,16.981735388788657,8.03,7.06,LV,LA
25,22,beta,6.130759176338502,14.853412698937149,8.03,7.06,LV,LA
25,22,gamma,8.222330538110555,12.175584590243979,8.03,7.06,LV,LA
25,23,delta,1.0480471361011032,1.876796008481893,2.01,7.03,LV,LA
25,23,theta,13.277256176451928,72.64017252085803,2.01,7.03,LV,LA
25,23,alpha,-10.40142903883349,10.963230499741735,2.01,7.03,LV,LA
25,23,beta,-5.905116984808698,8.440774503344102,2.01,7.03,LV,LA
25,23,gamma,1.983132355938305,6.0757729820424125,2.01,7.03,LV,LA
25,24,delta,0.3369602943161071,1.1405744285049138,3.05,2.0,LV,LA
25,24,theta,-1.7283185689349878,62.36141962742999,3.05,2.0,LV,LA
25,24,alpha,-6.454556791496824,14.196349813452429,3.05,2.0,LV,LA
25,24,beta,2.5695747047162794,13.670177185016675,3.05,2.0,LV,LA
25,24,gamma,5.27038727413596,8.6206149067002,3.05,2.0,LV,LA
25,25,delta,-0.08145788696567635,0.954003615832865,4.96,5.06,LV,LA
25,25,theta,5.781569646240413,67.5301233669139,4.96,5.06,LV,LA
25,25,alpha,-8.640510010318025,10.55475270599488,4.96,5.06,LV,LA
25,25,beta,-3.3588647467513315,9.968100458511012,4.96,5.06,LV,LA
25,25,gamma,6.29620688111786,10.97874073363313,4.96,5.06,LV,LA
25,26,delta,0.38038953971751144,1.0719967811222781,4.99,1.06,LV,LA
25,26,theta,-1.209106289109883,63.291989903362875,4.99,1.06,LV,LA
25,26,alpha,-7.936054640849987,10.483735240724858,4.99,1.06,LV,LA
25,26,beta,2.214693991902232,13.24918157568322,4.99,1.06,LV,LA
25,26,gamma,6.5418259669176475,11.887888737751101,4.99,1.06,LV,LA
25,27,delta,-0.2116974197315985,0.8153053313132309,5.03,2.97,LV,LA
25,27,theta,-2.2362468744970485,63.86401912264719,5.03,2.97,LV,LA
25,27,alpha,-2.0782764877783038,17.033549838445765,5.03,2.97,LV,LA
25,27,beta,0.8414107244544482,10.942835639889111,5.03,2.97,LV,LA
25,27,gamma,3.68303367624085,7.338070458745756,5.03,2.97,LV,LA
25,28,delta,0.3120417345754246,0.6433369110684826,5.01,1.03,LV,LA
25,28,theta,21.9424533581035,78.2103908801435,5.01,1.03,LV,LA
25,28,alpha,-11.429638889920291,7.937378720776559,5.01,1.03,LV,LA
25,28,beta,-9.768160533057296,7.914750552075702,5.01,1.03,LV,LA
25,28,gamma,-1.059320923032991,5.285525272028776,5.01,1.03,LV,LA
25,29,delta,-0.2578114255827246,0.421884157671116,1.0,5.99,LV,LA
25,29,theta,-9.860086351816769,52.684095023699086,1.0,5.99,LV,LA
25,29,alpha,-7.7966008231893635,12.620935023414617,1.0,5.99,LV,LA
25,29,beta,4.13020688744041,16.075905588350476,1.0,5.99,LV,LA
25,29,gamma,13.772255274913821,18.180164660509487,1.0,5.99,LV,LA
25,30,delta,0.3601204544283869,1.28181338863646,4.03,4.14,LV,LA
25,30,theta,13.073580516841943,78.63509010218053,4.03,4.14,LV,LA
25,30,alpha,-11.217803441745579,9.655493865833744,4.03,4.14,LV,LA
25,30,beta,-3.4169392642595016,6.542003592851678,4.03,4.14,LV,LA
25,30,gamma,1.1967331697689927,3.8782006872754193,4.03,4.14,LV,LA
25,31,delta,-0.10687476488328973,0.4354757912616011,1.01,7.12,LV,HA
25,31,theta,-22.97297573816114,37.56635941434507,1.01,7.12,LV,HA
25,31,alpha,-7.770242558908899,13.392357625133906,1.01,7.12,LV,HA
25,31,beta,9.839765867506822,22.568434945109736,1.01,7.12,LV,HA
25,31,gamma,20.99179795326591,26.01923850326499,1.01,7.12,LV,HA
25,32,delta,0.9667522595025775,1.5158153306908608,1.0,6.04,LV,HA
25,32,theta,-3.3277676294793963,51.676063184991655,1.0,6.04,LV,HA
25,32,alpha,-5.804582290856768,13.324177167605404,1.0,6.04,LV,HA
25,32,beta,1.6572199111246881,16.93102212884574,1.0,6.04,LV,HA
25,32,gamma,6.504166512064538,16.53657511385982,1.0,6.04,LV,HA
25,33,delta,-0.3298279837506948,0.5277785796962184,1.94,6.06,LV,HA
25,33,theta,-3.5454404954236054,55.35064817765672,1.94,6.06,LV,HA
25,33,alpha,-4.578842413234831,15.23641221380289,1.94,6.06,LV,HA
25,33,beta,2.9800789460406687,17.3553016314238,1.94,6.06,LV,HA
25,33,gamma,5.46458294713937,11.513471487780322,1.94,6.06,LV,HA
25,34,delta,0.3679491561433078,1.28464538379419,4.95,3.05,LV,HA
25,34,theta,-3.8839696420452867,62.95798844388621,4.95,3.05,LV,HA
25,34,alpha,-7.415893675150336,10.90699710813336,4.95,3.05,LV,HA
25,34,beta,2.3280997276758466,11.760633533527592,4.95,3.05,LV,HA
25,34,gamma,8.599764358835076,13.078225897407577,4.95,3.05,LV,HA
25,35,delta,0.2684069954128351,1.1019246991852683,3.03,6.0,LV,HA
25,35,theta,-8.86347574563819,52.787691103068354,3.03,6.0,LV,HA
25,35,alpha,-10.155663749404887,12.224139292473332,3.03,6.0,LV,HA
25,35,beta,4.010642777202742,16.211883299354483,3.03,6.0,LV,HA
25,35,gamma,14.732164381342333,17.66129875119561,3.03,6.0,LV,HA
25,36,delta,-0.2303143063675931,0.7863293703346428,3.0,7.1,LV,HA
25,36,theta,5.380886020981578,70.12109719155455,3.0,7.1,LV,HA
25,36,alpha,-6.754468823557657,15.09926644623673,3.0,7.1,LV,HA
25,36,beta,-2.84355240629724,7.281937632085802,3.0,7.1,LV,HA
25,36,gamma,4.443438760940903,6.7034707090968695,3.0,7.1,LV,HA
25,37,delta,-0.020995923553337348,0.9601938639319219,1.0,7.08,LV,HA
25,37,theta,-2.576775501271129,64.6896446750217,1.0,7.08,LV,HA
25,37,alpha,-7.17296752987569,13.575419087626688,1.0,7.08,LV,HA
25,37,beta,2.383902562702332,11.716813641039648,1.0,7.08,LV,HA
25,37,gamma,7.372113340585971,9.043321027796413,1.0,7.08,LV,HA
25,38,delta,1.959503385665872,2.898489420292881,1.0,7.05,LV,HA
25,38,theta,10.9149412739812,73.64210394266652,1.0,7.05,LV,HA
25,38,alpha,-9.096337722938328,12.337730573021933,1.0,7.05,LV,HA
25,38,beta,-5.212582154870571,7.173007400343004,1.0,7.05,LV,HA
25,38,gamma,1.4349593126582434,3.94425145311485,1.0,7.05,LV,HA
25,39,delta,0.03671988750747235,0.6652888109751269,1.0,6.06,LV,HA
25,39,theta,1.3122417650114855,61.764135061609025,1.0,6.06,LV,HA
25,39,alpha,-5.997079530964266,15.163700222532913,1.0,6.06,LV,HA
25,39,beta,-0.7474789326630216,12.535214218315891,1.0,6.06,LV,HA
25,39,gamma,5.391768046050898,9.864532503116823,1.0,6.06,LV,HA
25,40,delta,-0.07041206279049117,1.3099126371431116,1.0,4.97,LV,HA
25,40,theta,-4.139206967938435,65.88692730011755,1.0,4.97,LV,HA
25,40,alpha,-8.376728440721768,7.8071004484090825,1.0,4.97,LV,HA
25,40,beta,2.353509652220472,11.878650978411269,1.0,4.97,LV,HA
25,40,gamma,10.223071271601642,13.103879433537198,1.0,4.97,LV,HA
26,1,delta,-0.3369974253084741,1.2582328027117382,7.97,7.9,HV,HA
26,1,theta,-13.264814824723594,74.3855434235727,7.97,7.9,HV,HA
26,1,alpha,7.283774221047571,13.709278660299558,7.97,7.9,HV,HA
26,1,beta,4.657410254593283,8.359171226944877,7.97,7.9,HV,HA
26,1,gamma,1.660606185869082,2.283113018326958,7.97,7.9,HV,HA
26,2,delta,-1.6055426744921693,1.8270803095857238,6.96,7.13,HV,HA
26,2,theta,-29.77680822009986,74.23751390495744,6.96,7.13,HV,HA
26,2,alpha,14.511827695429554,12.717487378099545,6.96,7.13,HV,HA
26,2,beta,10.450168421385529,7.848461321225951,6.96,7.13,HV,HA
26,2,gamma,6.394121201049254,3.3644222508559607,6.96,7.13,HV,HA
26,3,delta,-0.29135402490580664,0.8894252551799449,9.0,8.08,HV,HA
26,3,theta,-7.718741669748695,75.42012179213366,9.0,8.08,HV,HA
26,3,alpha,7.033423798443616,14.765870442227808,9.0,8.08,HV,HA
26,3,beta,1.5891590506744295,7.247656370730642,9.0,8.08,HV,HA
26,3,gamma,-0.6127442527186424,1.674967288235821,9.0,8.08,HV,HA
26,4,delta,-1.0045058039115005,1.8289479661370194,8.03,8.05,HV,HA
26,4,theta,-22.304026469064752,76.75014206289876,8.03,8.05,HV,HA
26,4,alpha,17.39268003404375,13.346359828974007,8.03,8.05,HV,HA
26,4,beta,5.314015506753112,6.710497326146987,8.03,8.05,HV,HA
26,4,gamma,0.6023824690417381,1.3608500219932518,8.03,8.05,HV,HA
26,5,delta,0.06725719332313762,1.1357051101953446,4.0,3.01,HV,HA
26,5,theta,-18.84890776720914,85.3203484002159,4.0,3.01,HV,HA
26,5,alpha,9.734652996380678,8.397179993267338,4.0,3.01,HV,HA
26,5,beta,7.751776934896473,4.014740687091044,4.0,3.01,HV,HA
26,5,gamma,1.2910461632703103,1.1304071494073367,4.0,3.01,HV,HA
26,6,delta,-0.4687147019168546,1.3939097671671823,8.09,7.04,HV,HA
26,6,theta,-6.369184776367838,68.65359348271946,8.09,7.04,HV,HA
26,6,alpha,6.408354852457887,11.504320415571677,8.09,7.04,HV,HA
26,6,beta,1.6328342782300211,8.825770500735356,8.09,7.04,HV,HA
26,6,gamma,-1.1793257842807723,9.590062770387066,8.09,7.04,HV,HA
26,7,delta,-0.5589943312038732,1.4052050139041548,6.08,7.1,HV,HA
26,7,theta,-18.88283892980199,81.24181674834348,6.08,7.1,HV,HA
26,7,alpha,11.893900750252559,10.638707663890765,6.08,7.1,HV,HA
26,7,beta,6.597863949164901,4.978962710588618,6.08,7.1,HV,HA
26,7,gamma,0.9482683691614444,1.7318086279820095,6.08,7.1,HV,HA
26,8,delta,-0.21267189890177174,1.3854104817237927,8.01,8.17,HV,HA
26,8,theta,-13.502453678021794,84.04194949807035,8.01,8.17,HV,HA
26,8,alpha,4.105758470352088,10.442792484264498,8.01,8.17,HV,HA
26,8,beta,5.9596042015622945,3.183868151363651,8.01,8.17,HV,HA
26,8,gamma,3.6451958852779343,0.9434346381517653,8.01,8.17,HV,HA
26,9,delta,-0.4313051209873371,1.2787145232147799,8.05,7.17,HV,HA
26,9,theta,-22.49916237320828,81.03910243896533,8.05,7.17,HV,HA
26,9,alpha,7.266337360005915,10.585309575812701,8.05,7.17,HV,HA
26,9,beta,9.746415848318826,4.598076344438958,8.05,7.17,HV,HA
26,9,gamma,5.904497824880332,2.4970438584304953,8.05,7.17,HV,HA
26,10,delta,0.13373570375201171,0.8725938025228366,3.08,2.91,HV,HA
26,10,theta,-19.174231440594035,77.00838911608164,3.08,2.91,HV,HA
26,10,alpha,13.007090346508749,14.062619541494353,3.08,2.91,HV,HA
26,10,beta,5.451930002532972,6.415627065109804,3.08,2.91,HV,HA
26,10,gamma,0.5822860560363894,1.63852070302616,3.08,2.91,HV,HA
26,11,delta,-0.7210699331780301,2.038809503543975,8.04,6.88,HV,LA
26,11,theta,-10.520452654915871,82.44574951385727,8.04,6.88,HV,LA
26,11,alpha,5.436085523566881,11.133936405141784,8.04,6.88,HV,LA
26,11,beta,5.002547377715322,3.4147784769165055,8.04,6.88,HV,LA
26,11,gamma,0.801660002024697,0.9654180383633255,8.04,6.88,HV,LA
26,12,delta,-0.00747473707623536,1.3066616368476751,7.04,5.04,HV,LA
26,12,theta,-17.088937399385543,81.36303073868719,7.04,5.04,HV,LA
26,12,alpha,9.736808760150204,11.333987130041304,7.04,5.04,HV,LA
26,12,beta,6.10806975738593,4.287445892128793,7.04,5.04,HV,LA
26,12,gamma,1.2479628939468683,1.707636145353813,7.04,5.04,HV,LA
26,13,delta,-0.03865223353191283,1.2509465297149722,7.12,2.94,HV,LA
26,13,theta,-21.922190964954908,80.36879099816758,7.12,2.94,HV,LA
26,13,alpha,9.396249085093428,11.25393862007413,7.12,2.94,HV,LA
26,13,beta,8.71146370469883,4.778773446451533,7.12,2.94,HV,LA
26,13,gamma,3.843893910872285,2.3422770057784463,7.12,2.94,HV,LA
26,14,delta,-0.5461565674349055,1.0861609726300925,9.0,8.05,HV,LA
26,14,theta,-19.839668615605284,74.11922815752715,9.0,8.05,HV,LA
26,14,alpha,13.131100565505976,15.634689253590832,9.0,8.05,HV,LA
26,14,beta,6.151144834061565,7.38030118346002,9.0,8.05,HV,LA
26,14,gamma,1.1020497973872714,1.7765192644983454,9.0,8.05,HV,LA
26,15,delta,-1.2512855158471787,1.7877487756972086,7.01,5.04,HV,LA
26,15,theta,-21.106920909740317,79.78899431743244,7.01,5.04,HV,LA
26,15,alpha,16.836979126215514,12.745190326209169,7.01,5.04,HV,LA
26,15,beta,5.1883106844504,4.52720136119069,7.01,5.04,HV,LA
26,15,gamma,0.3326799629137307,1.148936405910685,7.01,5.04,HV,LA
26,16,delta,-0.6182753362887301,1.2731956207878312,6.19,3.0,HV,LA
26,16,theta,-35.902945206241974,82.49438263101918,6.19,3.0,HV,LA
26,16,alpha,18.342184171914194,9.974732165615988,6.19,3.0,HV,LA
26,16,beta,14.561229177315685,4.651797831562903,6.19,3.0,HV,LA
26,16,gamma,3.6131961345338235,1.6035314691344953,6.19,3.0,HV,LA
26,17,delta,-0.8679787699424917,1.2021530151297821,5.04,5.03,HV,LA
26,17,theta,-30.961188571447956,82.37018658882144,5.04,5.03,HV,LA
26,17,alpha,11.09947937026791,9.377215332738825,5.04,5.03,HV,LA
26,17,beta,10.347456098974183,4.321127473259578,5.04,5.03,HV,LA
26,17,gamma,10.376890550293695,2.7253341066881713,5.04,5.03,HV,LA
26,18,delta,-0.7897425256270327,1.4558112479794603,9.0,2.99,HV,LA
26,18,theta,-37.62625388639103,80.7209486217695,9.0,2.99,HV,LA
26,18,alpha,26.581715735918515,11.14433259150118,9.0,2.99,HV,LA
26,18,beta,9.450055257505827,5.295752429333563,9.0,2.99,HV,LA
26,18,gamma,2.3810033310866454,1.3812488767927698,9.0,2.99,HV,LA
26,19,delta,0.03716248077465334,0.6433656249388908,8.0,7.06,HV,LA
26,19,theta,-17.370030189488233,73.21067064700043,8.0,7.06,HV,LA
26,19,alpha,7.600203243113951,15.07166075142753,8.0,7.06,HV,LA
26,19,beta,4.405641301252467,8.442908670122682,8.0,7.06,HV,LA
26,19,gamma,5.3257635353488055,2.628005369866374,8.0,7.06,HV,LA
26,20,delta,-0.07879871464252619,0.7931078655700485,8.08,6.97,HV,LA
26,20,theta,-18.692568924938882,83.74844709678419,8.08,6.97,HV,LA
26,20,alpha,10.224069301875618,10.527230336877313,8.08,6.97,HV,LA
26,20,beta,6.934440040255621,3.948111200404878,8.08,6.97,HV,LA
26,20,gamma,1.6121898533422638,0.981352188052677,8.08,6.97,HV,LA
26,21,delta,-0.42754602302795375,1.1984636471860926,6.06,2.94,LV,LA
26,21,theta,-23.375849843071947,84.4908057783878,6.06,2.94,LV,LA
26,21,alpha,12.010875152060011,9.052701724337524,6.06,2.94,LV,LA
26,21,beta,8.388501973141118,3.7955799527052028,6.06,2.94,LV,LA
26,21,gamma,3.3998088169777043,1.4599603498533258,6.06,2.94,LV,LA
26,22,delta,-0.2826045186198938,1.3403491214701684,6.97,4.99,LV,LA
26,22,theta,-16.31172591388119,84.48948151238474,6.97,4.99,LV,LA
26,22,alpha,7.80017922399038,9.734082650271564,6.97,4.99,LV,LA
26,22,beta,6.733011699084986,3.263973810086804,6.97,4.99,LV,LA
26,22,gamma,2.0573296924253164,1.1702798237296126,6.97,4.99,LV,LA
26,23,delta,-1.4570536734545123,2.517467551634759,2.28,2.88,LV,LA
26,23,theta,-34.443444939507195,79.75345151494335,2.28,2.88,LV,LA
26,23,alpha,11.713263193613695,9.811080156558319,2.28,2.88,LV,LA
26,23,beta,13.636466459338326,5.417308239434322,2.28,2.88,LV,LA
26,23,gamma,10.54072526601437,2.4987243189282893,2.28,2.88,LV,LA
26,24,delta,-0.3750337529165393,1.1730158488105544,9.0,4.96,LV,LA
26,24,theta,-24.100786761969708,83.72812220513026,9.0,4.96,LV,LA
26,24,alpha,17.172771845045705,10.99152909202801,9.0,4.96,LV,LA
26,24,beta,6.394393973282301,3.4195445294756457,9.0,4.96,LV,LA
26,24,gamma,0.9073908179154381,0.6869736663778152,9.0,4.96,LV,LA
26,25,delta,0.10119406001301123,0.7206245413337311,7.14,3.95,LV,LA
26,25,theta,-27.56229527779589,77.0290845605756,7.14,3.95,LV,LA
26,25,alpha,17.042291054178573,12.619128632585248,7.14,3.95,LV,LA
26,25,beta,7.829357887693072,6.276252676382427,7.14,3.95,LV,LA
26,25,gamma,2.583447365190474,3.3469708080376392,7.14,3.95,LV,LA
26,26,delta,-1.029858695310965,1.4606256117834648,5.05,4.04,LV,LA
26,26,theta,-26.320216081889605,72.75365355477528,5.05,4.04,LV,LA
26,26,alpha,17.84791006789795,17.643697353417075,5.05,4.04,LV,LA
26,26,beta,6.600146107880977,6.234061482826772,5.05,4.04,LV,LA
26,26,gamma,2.902113934062646,1.9034670900505164,5.05,4.04,LV,LA
26,27,delta,0.09685774124630164,1.195978770973359,6.0,4.03,LV,LA
26,27,theta,-15.507955279664998,83.35009173004525,6.0,4.03,LV,LA
26,27,alpha,9.267137947465706,11.280863100764503,6.0,4.03,LV,LA
26,27,beta,4.853094420330696,3.392216642004393,6.0,4.03,LV,LA
26,27,gamma,1.2888369855505886,0.7796860573320483,6.0,4.03,LV,LA
26,28,delta,0.5478111041965488,1.3880560728692921,5.97,5.04,LV,LA
26,28,theta,-13.261736504518211,85.04807217105287,5.97,5.04,LV,LA
26,28,alpha,6.448787368713067,7.078098327180873,5.97,5.04,LV,LA
26,28,beta,5.135849590250858,4.1970750120735145,5.97,5.04,LV,LA
26,28,gamma,1.1284448189742724,2.285436025588793,5.97,5.04,LV,LA
26,29,delta,-0.7021583371304871,1.5028611574221,6.09,4.9,LV,LA
26,29,theta,-21.0541843274859,82.44488365295894,6.09,4.9,LV,LA
26,29,alpha,11.483801405016873,9.795125803921666,6.09,4.9,LV,LA
26,29,beta,8.388131145490153,4.747784344151151,6.09,4.9,LV,LA
26,29,gamma,1.8815499060252658,1.5065303725824815,6.09,4.9,LV,LA
26,30,delta,-0.18513718320465267,0.9070864913053021,4.95,2.01,LV,LA
26,30,theta,-21.474911004485328,71.73437822022828,4.95,2.01,LV,LA
26,30,alpha,18.702954354247353,11.990300816836253,4.95,2.01,LV,LA
26,30,beta,4.1705321602156875,11.325883844723567,4.95,2.01,LV,LA
26,30,gamma,-1.2090215292500224,4.034025315340595,4.95,2.01,LV,LA
26,31,delta,-0.008634436116840227,0.8906215244954565,1.97,1.94,LV,HA
26,31,theta,-23.1593530937053,73.4707567471911,1.97,1.94,LV,HA
26,31,alpha,17.705165742130855,13.762457675375929,1.97,1.94,LV,HA
26,31,beta,5.6464014554168465,8.767932397548815,1.97,1.94,LV,HA
26,31,gamma,-0.18407148796235306,3.103805703494937,1.97,1.94,LV,HA
26,32,delta,-0.47197501335585135,1.4121730439154274,1.96,1.96,LV,HA
26,32,theta,-22.246478539599565,80.43707971946895,1.96,1.96,LV,HA
26,32,alpha,12.123329082915022,10.65205175465817,1.96,1.96,LV,HA
26,32,beta,8.761062668692515,5.6544897221976935,1.96,1.96,LV,HA
26,32,gamma,1.8291870941253896,1.8410447491504538,1.96,1.96,LV,HA
26,33,delta,-0.6235722610636918,1.8028770865327652,1.0,1.0,LV,HA
26,33,theta,-15.013440149306383,74.93174189740053,1.0,1.0,LV,HA
26,33,alpha,5.687259929679104,15.017902952356483,1.0,1.0,LV,HA
26,33,beta,6.3600000104671786,6.2535090411623475,1.0,1.0,LV,HA
26,33,gamma,3.5840129385431023,1.9907098475262734,1.0,1.0,LV,HA
26,34,delta,-0.9374786727822575,1.9428631477064902,1.0,5.01,LV,HA
26,34,theta,-20.118524368969133,82.62574511467929,1.0,5.01,LV,HA
26,34,alpha,12.136042038997111,9.598260640890725,1.0,5.01,LV,HA
26,34,beta,7.243993495224059,4.578126004760284,1.0,5.01,LV,HA
26,34,gamma,1.674534336327166,1.2535945468907443,1.0,5.01,LV,HA
26,35,delta,-0.6365290852179771,1.0876359080741473,2.97,1.0,LV,HA
26,35,theta,-19.49116752356933,63.98153676871326,2.97,1.0,LV,HA
26,35,alpha,9.472558689566863,18.10578339122525,2.97,1.0,LV,HA
26,35,beta,7.5420323919163526,13.232804293500799,2.97,1.0,LV,HA
26,35,gamma,3.103490299966847,3.5887821961404693,2.97,1.0,LV,HA
26,36,delta,-0.8467656251543985,1.3692048870164801,2.92,1.92,LV,HA
26,36,theta,-31.960425941748035,73.93477611192426,2.92,1.92,LV,HA
26,36,alpha,15.867802253531432,13.701412009307665,2.92,1.92,LV,HA
26,36,beta,13.253852748031758,8.10025922492338,2.92,1.92,LV,HA
26,36,gamma,3.6843562167426214,2.8880371511126963,2.92,1.92,LV,HA
26,37,delta,-0.39758345752616053,0.8238807329684907,1.0,1.0,LV,HA
26,37,theta,-14.44810871758159,77.48867209202709,1.0,1.0,LV,HA
26,37,alpha,11.347393534671292,11.91184142506265,1.0,1.0,LV,HA
26,37,beta,3.4269621201257596,7.180504759560097,1.0,1.0,LV,HA
26,37,gamma,0.0698309687847618,2.592287951473673,1.0,1.0,LV,HA
26,38,delta,-0.40295600371940243,1.441009148238833,1.15,1.06,LV,HA
26,38,theta,-15.60877282215327,69.31422415983856,1.15,1.06,LV,HA
26,38,alpha,11.81820183871463,17.960354983593696,1.15,1.06,LV,HA
26,38,beta,3.365674044479235,9.158932895970597,1.15,1.06,LV,HA
26,38,gamma,0.8278190816579225,2.121766279310072,1.15,1.06,LV,HA
26,39,delta,-0.3385771752607375,1.042713600465128,1.95,1.97,LV,HA
26,39,theta,-20.104942391103663,69.85563583857265,1.95,1.97,LV,HA
26,39,alpha,13.412270956258627,16.56265789859296,1.95,1.97,LV,HA
26,39,beta,6.143659676091818,9.983289614314469,1.95,1.97,LV,HA
26,39,gamma,0.8853975317457721,2.5504172627400106,1.95,1.97,LV,HA
26,40,delta,-0.5745797545793474,1.1593977105231614,3.06,1.0,LV,HA
26,40,theta,-27.885963998123906,73.33312936898383,3.06,1.0,LV,HA
26,40,alpha,14.450480415129665,15.192728538035128,3.06,1.0,LV,HA
26,40,beta,10.70893324474187,7.873813766794413,3.06,1.0,LV,HA
26,40,gamma,3.29793010260799,2.4364066685176993,3.06,1.0,LV,HA
27,1,delta,0.3253526547746575,0.5000143436522447,6.03,5.04,HV,HA
27,1,theta,4.741397532274146,27.69152128668119,6.03,5.04,HV,HA
27,1,alpha,-5.804169392347239,26.680217380090333,6.03,5.04,HV,HA
27,1,beta,-2.117681904650233,35.36936332318049,6.03,5.04,HV,HA
27,1,gamma,2.860473809662821,9.748273201036454,6.03,5.04,HV,HA
27,2,delta,0.27707927816185896,0.2838551862295539,7.0,7.03,HV,HA
27,2,theta,-9.169130133953516,35.92329148766094,7.0,7.03,HV,HA
27,2,alpha,-5.71466446200389,14.945076127341295,7.0,7.03,HV,HA
27,2,beta,10.136968779198291,38.001409822289716,7.0,7.03,HV,HA
27,2,gamma,4.4675860942370536,10.83124502067519,7.0,7.03,HV,HA
27,3,delta,0.6869047137643186,0.6046600455404387,9.0,8.04,HV,HA
27,3,theta,-1.1318740354677317,46.0074846931102,9.0,8.04,HV,HA
27,3,alpha,-3.6691568587297514,14.576192636666885,9.0,8.04,HV,HA
27,3,beta,0.5045019911180333,29.015486469814817,9.0,8.04,HV,HA
27,3,gamma,3.601660271402354,9.783418479495232,9.0,8.04,HV,HA
27,4,delta,0.40574417435922217,0.768349663996543,7.05,7.01,HV,HA
27,4,theta,9.959853588241607,38.51369126311239,7.05,7.01,HV,HA
27,4,alpha,-6.058437669742787,12.12753631426684,7.05,7.01,HV,HA
27,4,beta,-2.858475033478669,36.36382839613903,7.05,7.01,HV,HA
27,4,gamma,-1.4446118109118284,12.215847343275222,7.05,7.01,HV,HA
27,5,delta,0.5571998685525957,0.6109688309467805,4.97,1.0,HV,HA
27,5,theta,23.511237178329246,32.589088373860086,4.97,1.0,HV,HA
27,5,alpha,-5.635060870819494,23.324526300985166,4.97,1.0,HV,HA
27,5,beta,-11.598888522361712,31.668403905980924,4.97,1.0,HV,HA
27,5,gamma,-6.829082381458063,11.792698412230946,4.97,1.0,HV,HA
27,6,delta,0.17718470983838797,0.647516232263321,7.0,5.04,HV,HA
27,6,theta,8.326521467370487,39.8695187734986,7.0,5.04,HV,HA
27,6,alpha,-3.7002818631504333,12.326118652016651,7.0,5.04,HV,HA
27,6,beta,-5.158660433804464,32.77832135935111,7.0,5.04,HV,HA
27,6,gamma,0.3587174236523438,14.359711129524852,7.0,5.04,HV,HA
27,7,delta,0.008441199160786728,0.6840426317184649,4.94,5.04,HV,HA
27,7,theta,4.446053259571322,39.858097400656604,4.94,5.04,HV,HA
27,7,alpha,-7.1422222696510556,13.890760035485101,4.94,5.04,HV,HA
27,7,beta,1.6823676469330096,29.741172232422056,4.94,5.04,HV,HA
27,7,gamma,1.010378227137549,15.804020676838421,4.94,5.04,HV,HA
27,8,delta,0.24106048955767434,0.4759897121193175,8.24,8.17,HV,HA
27,8,theta,23.067996956654518,46.950508782944034,8.24,8.17,HV,HA
27,8,alpha,-4.660309901788969,10.62578330885809,8.24,8.17,HV,HA
27,8,beta,-13.165861090709495,30.517519914120086,8.24,8.17,HV,HA
27,8,gamma,-5.478784181332836,11.413762651664111,8.24,8.17,HV,HA
27,9,delta,0.5847691720867632,0.6967127993956559,8.99,9.0,HV,HA
27,9,theta,12.67159811965093,58.198814335794,8.99,9.0,HV,HA
27,9,alpha,-4.60155494794734,11.561631577473896,8.99,9.0,HV,HA
27,9,beta,-8.063284279873514,22.986560509965827,8.99,9.0,HV,HA
27,9,gamma,-0.5845212667703645,6.547993140379365,8.99,9.0,HV,HA
27,10,delta,0.2689280536299885,0.9677909688310116,6.01,5.04,HV,HA
27,10,theta,7.2647079003403405,65.85792431389137,6.01,5.04,HV,HA
27,10,alpha,-2.707811805955062,8.12742520417531,6.01,5.04,HV,HA
27,10,beta,-4.0440402735479175,19.35702175835833,6.01,5.04,HV,HA
27,10,gamma,-0.7810406981176863,5.681679765084578,6.01,5.04,HV,HA
27,11,delta,0.40957277065861686,0.6659663609321114,9.0,5.04,HV,LA
27,11,theta,14.110908567689826,44.03551393326612,9.0,5.04,HV,LA
27,11,alpha,-8.427612572681001,12.931100806748002,9.0,5.04,HV,LA
27,11,beta,-5.958871957060406,33.134243186962884,9.0,5.04,HV,LA
27,11,gamma,-0.13477536514053057,9.2245653416667,9.0,5.04,HV,LA
27,12,delta,0.5126266320010705,0.6117023034066854,4.18,5.04,HV,LA
27,12,theta,16.226279194150187,32.72299719878893,4.18,5.04,HV,LA
27,12,alpha,-3.3694989189922104,27.467034430140735,4.18,5.04,HV,LA
27,12,beta,-10.884157034216855,30.895372623903306,4.18,5.04,HV,LA
27,12,gamma,-2.472398405820691,8.291941874696834,4.18,5.04,HV,LA
27,13,delta,0.45938527138275176,0.43554997654663563,7.01,7.14,HV,LA
27,13,theta,14.479805582560829,37.84482418586454,7.01,7.14,HV,LA
27,13,alpha,-3.7375358811849093,17.916135146168173,7.01,7.14,HV,LA
27,13,beta,-7.992955501576773,33.02245022474982,7.01,7.14,HV,LA
27,13,gamma,-3.2163865864973804,10.764571968206539,7.01,7.14,HV,LA
27,14,delta,1.3502238806609808,1.2789996206451986,8.06,7.03,HV,LA
27,14,theta,-11.340280173909221,51.096273911499,8.06,7.03,HV,LA
27,14,alpha,-2.7674574984746636,9.37405260825204,8.06,7.03,HV,LA
27,14,beta,3.6289403333075754,21.886833324382067,8.06,7.03,HV,LA
27,14,gamma,9.124086746170928,16.348505039997427,8.06,7.03,HV,LA
27,15,delta,0.22623926335638017,0.302636630418841,5.04,3.06,HV,LA
27,15,theta,3.09294482369215,26.83532876358594,5.04,3.06,HV,LA
27,15,alpha,-7.31476142044345,33.95218157849636,5.04,3.06,HV,LA
27,15,beta,-0.18638153194844165,31.282186244417836,5.04,3.06,HV,LA
27,15,gamma,4.166687063230629,7.6190611534256805,5.04,3.06,HV,LA
27,16,delta,0.4304168172209786,0.838997863087871,8.06,6.06,HV,LA
27,16,theta,15.525680054473469,59.32519750263974,8.06,6.06,HV,LA
27,16,alpha,-5.638994879378597,13.060572943987374,8.06,6.06,HV,LA
27,16,beta,-8.002879226890013,18.257720267169088,8.06,6.06,HV,LA
27,16,gamma,-2.3088075896644256,8.509627361537625,8.06,6.06,HV,LA
27,17,delta,2.848203091862805,1.8575534143088244,9.0,7.08,HV,LA
27,17,theta,9.13066685163129,58.21398556492157,9.0,7.08,HV,LA
27,17,alpha,-5.92109089141192,13.920500816982006,9.0,7.08,HV,LA
27,17,beta,-5.74579082279989,18.219854803730797,9.0,7.08,HV,LA
27,17,gamma,-0.3135286592129205,7.781748324268935,9.0,7.08,HV,LA
27,18,delta,0.5784635967906804,0.758641215387899,9.0,8.99,HV,LA
27,18,theta,13.564786452500584,41.2648865052666,9.0,8.99,HV,LA
27,18,alpha,-5.299679343507613,10.739725745675102,9.0,8.99,HV,LA
27,18,beta,-7.462496586033492,34.278469921062786,9.0,8.99,HV,LA
27,18,gamma,-1.3812339478355913,12.943558176864776,9.0,8.99,HV,LA
27,19,delta,0.6276802917868431,0.670452206538079,5.06,2.0,HV,LA
27,19,theta,-7.541786359833694,41.88742894986629,5.06,2.0,HV,LA
27,19,alpha,-1.527380351399886,14.431745695244636,5.06,2.0,HV,LA
27,19,beta,4.198719970006145,33.07296693216406,5.06,2.0,HV,LA
27,19,gamma,4.237789643053249,9.925531380439555,5.06,2.0,HV,LA
27,20,delta,0.08661459191830173,0.5469777428687081,6.97,5.04,HV,LA
27,20,theta,-5.989183858093547,34.32904453099715,6.97,5.04,HV,LA
27,20,alpha,-2.8168625706544397,16.254964955891474,6.97,5.04,HV,LA
27,20,beta,4.937008807013775,38.079169441790086,6.97,5.04,HV,LA
27,20,gamma,3.7799155406515057,10.772617307887685,6.97,5.04,HV,LA
27,21,delta,0.22477833387694807,0.6478345296306743,9.0,8.14,LV,LA
27,21,theta,17.121897293724047,46.819090193263044,9.0,8.14,LV,LA
27,21,alpha,-7.936983456827413,11.21738002540987,9.0,8.14,LV,LA
27,21,beta,-12.167497139549408,31.99582093470667,9.0,8.14,LV,LA
27,21,gamma,2.751997651717172,9.307766295244807,9.0,8.14,LV,LA
27,22,delta,0.023181589037373773,0.5502338960945372,7.29,5.04,LV,LA
27,22,theta,14.178615970257624,43.16908693948098,7.29,5.04,LV,LA
27,22,alpha,-5.832672582452787,18.59157263586891,7.29,5.04,LV,LA
27,22,beta,-5.6120145320570956,26.68208611478654,7.29,5.04,LV,LA
27,22,gamma,-2.7562430209287347,10.994940401802761,7.29,5.04,LV,LA
27,23,delta,0.4279320951400553,0.40595649364969677,8.0,6.04,LV,LA
27,23,theta,15.389685533715323,39.81997462663488,8.0,6.04,LV,LA
27,23,alpha,-5.400502307369839,13.0295378552272,8.0,6.04,LV,LA
27,23,beta,-10.042391721813967,35.60242212679948,8.0,6.04,LV,LA
27,23,gamma,-0.3733687496303215,11.131833313816898,8.0,6.04,LV,LA
27,24,delta,0.6034431290078592,0.8346855727281642,8.9,7.97,LV,LA
27,24,theta,19.869584647041847,47.588219992590844,8.9,7.97,LV,LA
27,24,alpha,-9.874331875494693,12.114348746465442,8.9,7.97,LV,LA
27,24,beta,-10.08542260745913,31.82074750886903,8.9,7.97,LV,LA
27,24,gamma,-0.5107543674282962,7.633687085327238,8.9,7.97,LV,LA
27,25,delta,0.18543164411531737,0.11772246138615429,4.0,1.0,LV,LA
27,25,theta,-0.8880952504128246,12.508359432930511,4.0,1.0,LV,LA
27,25,alpha,-0.3723635957668332,37.51510217003354,4.0,1.0,LV,LA
27,25,beta,-1.8217660737513128,39.02443167274225,4.0,1.0,LV,LA
27,25,gamma,2.868804392971253,10.823248432825464,4.0,1.0,LV,LA
27,26,delta,0.5771601413735551,0.4549646587178081,5.04,2.06,LV,LA
27,26,theta,5.778862254958145,28.937916848019725,5.04,2.06,LV,LA
27,26,alpha,-5.367255426440016,21.56687705283689,5.04,2.06,LV,LA
27,26,beta,-3.9224788177526015,30.953074803877783,5.04,2.06,LV,LA
27,26,gamma,2.950220496449159,18.069095564797795,5.04,2.06,LV,LA
27,27,delta,0.1358238376799874,0.3754008076729985,4.97,1.0,LV,LA
27,27,theta,-4.949102651890058,24.835301879462122,4.97,1.0,LV,LA
27,27,alpha,-3.7591172515940485,36.112156381912456,4.97,1.0,LV,LA
27,27,beta,2.60654861410174,31.318553863741883,4.97,1.0,LV,LA
27,27,gamma,5.958626740755626,7.349687349773811,4.97,1.0,LV,LA
27,28,delta,0.9435900564975092,1.3454567923410758,5.04,2.01,LV,LA
27,28,theta,31.07487300279363,43.21728497219368,5.04,2.01,LV,LA
27,28,alpha,-6.459732110857315,19.895243280970295,5.04,2.01,LV,LA
27,28,beta,-19.04877896847116,26.359214255215605,5.04,2.01,LV,LA
27,28,gamma,-6.50123810742712,9.173770252433368,5.04,2.01,LV,LA
27,29,delta,0.37037290124430705,0.6530724332982316,7.18,5.04,LV,LA
27,29,theta,17.054683892721116,56.60595462037616,7.18,5.04,LV,LA
27,29,alpha,-6.720641133614096,11.697270091030777,7.18,5.04,LV,LA
27,29,beta,-10.395237268050696,24.760059859243945,7.18,5.04,LV,LA
27,29,gamma,-0.30609089790070065,6.2746150004261185,7.18,5.04,LV,LA
27,30,delta,0.7034487385752255,0.833811756449749,7.08,7.04,LV,LA
27,30,theta,21.14536536660308,50.4470427321356,7.08,7.04,LV,LA
27,30,alpha,-5.0990233744006375,12.158217440727341,7.08,7.04,LV,LA
27,30,beta,-12.934911602142918,27.423645711589955,7.08,7.04,LV,LA
27,30,gamma,-3.800942330786084,9.123349324404973,7.08,7.04,LV,LA
27,31,delta,-0.056742022171101414,0.6259040995460771,5.08,6.04,LV,HA
27,31,theta,-10.52824396721337,36.44665753778813,5.08,6.04,LV,HA
27,31,alpha,-6.229518746280332,11.807764700923773,5.08,6.04,LV,HA
27,31,beta,7.541770976044781,34.071178750876854,5.08,6.04,LV,HA
27,31,gamma,9.233480098815974,17.011174218803596,5.08,6.04,LV,HA
27,32,delta,0.2453622739443151,0.7143706480480967,5.04,5.03,LV,HA
27,32,theta,5.741464042870064,47.651490057968005,5.04,5.03,LV,HA
27,32,alpha,-3.2738943654594763,15.882586925253737,5.04,5.03,LV,HA
27,32,beta,-4.565923466420717,23.858952355106126,5.04,5.03,LV,HA
27,32,gamma,1.8382009358055047,11.863444551660528,5.04,5.03,LV,HA
27,33,delta,0.06596692780559987,0.3886326216494072,5.04,3.04,LV,HA
27,33,theta,10.864579475855034,30.95208946817784,5.04,3.04,LV,HA
27,33,alpha,-3.8506071295786537,18.093299472003793,5.04,3.04,LV,HA
27,33,beta,-3.8243764001338434,37.003057668661015,5.04,3.04,LV,HA
27,33,gamma,-3.264546217025819,13.542851668269854,5.04,3.04,LV,HA
27,34,delta,0.26406980533730773,0.42663982105670784,2.85,1.0,LV,HA
27,34,theta,0.7562025523579976,24.920824321107887,2.85,1.0,LV,HA
27,34,alpha,-4.611214987890223,23.17971721280501,2.85,1.0,LV,HA
27,34,beta,-0.5069752136984107,39.21727677908677,2.85,1.0,LV,HA
27,34,gamma,4.085920579153134,12.237298152848782,2.85,1.0,LV,HA
27,35,delta,0.31024526778015643,0.3197476499098664,1.0,1.0,LV,HA
27,35,theta,-3.8214268178005284,29.782333169587837,1.0,1.0,LV,HA
27,35,alpha,-6.439384334085728,14.54412813735468,1.0,1.0,LV,HA
27,35,beta,5.120244719385035,41.226055753989506,1.0,1.0,LV,HA
27,35,gamma,4.823243976847667,14.108741157043745,1.0,1.0,LV,HA
27,36,delta,0.49553846902026244,0.5966198033076124,6.13,7.21,LV,HA
27,36,theta,14.23285032893397,38.53913033851508,6.13,7.21,LV,HA
27,36,alpha,-4.680321438345091,13.78570390879421,6.13,7.21,LV,HA
27,36,beta,-7.671953443727741,33.43779605908175,6.13,7.21,LV,HA
27,36,gamma,-2.3504356045457584,13.61483045426941,6.13,7.21,LV,HA
27,37,delta,-0.03908547651931893,0.5663460464687083,2.99,5.03,LV,HA
27,37,theta,10.887136747300538,39.35502223258463,2.99,5.03,LV,HA
27,37,alpha,-4.251673851066597,19.710665594211022,2.99,5.03,LV,HA
27,37,beta,-4.390826933617287,30.939592872048266,2.99,5.03,LV,HA
27,37,gamma,-2.1919141379023195,9.418952222256124,2.99,5.03,LV,HA
27,38,delta,1.0709278044873514,0.7001132949767725,1.0,4.91,LV,HA
27,38,theta,17.133539150065822,52.260492552929335,1.0,4.91,LV,HA
27,38,alpha,-6.881617340572712,12.00469265608525,1.0,4.91,LV,HA
27,38,beta,-8.63460515973906,24.79681708946526,1.0,4.91,LV,HA
27,38,gamma,-2.689771428937923,10.222872547103975,1.0,4.91,LV,HA
27,39,delta,0.047689362868646945,0.6651717276696338,2.14,1.01,LV,HA
27,39,theta,-0.19137219113291337,41.14546538257245,2.14,1.01,LV,HA
27,39,alpha,-5.618160724922552,10.336118457036443,2.14,1.01,LV,HA
27,39,beta,0.2562190693244588,27.79139974233272,2.14,1.01,LV,HA
27,39,gamma,5.562593753970081,20.040551246378463,2.14,1.01,LV,HA
27,40,delta,0.526942301170634,0.3755010465174806,5.04,3.06,LV,HA
27,40,theta,-5.72268490253505,33.47600475941768,5.04,3.06,LV,HA
27,40,alpha,-6.881268105569308,15.34662995501938,5.04,3.06,LV,HA
27,40,beta,6.705779409378991,41.13599064651311,5.04,3.06,LV,HA
27,40,gamma,5.357708196400628,9.655064553429625,5.04,3.06,LV,HA
28,1,delta,-0.11146926210760238,0.46228888896118814,7.03,7.09,HV,HA
28,1,theta,-9.22000539332507,28.82070638908809,7.03,7.09,HV,HA
28,1,alpha,5.81524735093992,27.451253444303596,7.03,7.09,HV,HA
28,1,beta,2.3880028225921706,24.540516096837827,7.03,7.09,HV,HA
28,1,gamma,1.1113573878403553,18.700376324424496,7.03,7.09,HV,HA
28,2,delta,0.19059456371674421,0.38237953171084743,7.99,8.1,HV,HA
28,2,theta,15.851998987017765,38.18687863462243,7.99,8.1,HV,HA
28,2,alpha,-4.17282525310932,26.953419160515438,7.99,8.1,HV,HA
28,2,beta,-7.721421999599038,22.092196015546158,7.99,8.1,HV,HA
28,2,gamma,-4.1456610755605645,12.368676968825326,7.99,8.1,HV,HA
28,3,delta,-0.5117078153663133,1.230041913299482,9.0,7.04,HV,HA
28,3,theta,-8.58302177076623,52.01927452302283,9.0,7.04,HV,HA
28,3,alpha,-4.084167208619508,26.73641974073712,9.0,7.04,HV,HA
28,3,beta,7.525991997935256,14.521301749787973,9.0,7.04,HV,HA
28,3,gamma,5.637541466778361,5.484316858798314,9.0,7.04,HV,HA
28,4,delta,-0.08158890042010858,0.6077380558528218,8.08,7.09,HV,HA
28,4,theta,-4.0932077249201555,45.44879590115466,8.08,7.09,HV,HA
28,4,alpha,-4.3695471327199655,32.53529206482595,8.08,7.09,HV,HA
28,4,beta,5.191485427444661,16.656121750972293,8.08,7.09,HV,HA
28,4,gamma,3.347364220967304,4.746190610068535,8.08,7.09,HV,HA
28,5,delta,0.358502990563867,0.3494946945555879,7.04,8.03,HV,HA
28,5,theta,9.628684842208969,40.911590432571685,7.04,8.03,HV,HA
28,5,alpha,-8.220874083196897,31.31387596998525,7.04,8.03,HV,HA
28,5,beta,-1.5874007852551557,18.454376676372064,7.04,8.03,HV,HA
28,5,gamma,-0.17952139527483357,8.959266974012017,7.04,8.03,HV,HA
28,6,delta,-0.11103567657084407,0.35002557561091036,8.15,8.1,HV,HA
28,6,theta,-21.49474457369255,39.807372008710864,8.15,8.1,HV,HA
28,6,alpha,-13.876345247846736,27.592465489342942,8.15,8.1,HV,HA
28,6,beta,14.81628467473928,20.329263697395035,8.15,8.1,HV,HA
28,6,gamma,20.64925165060548,11.895872243361438,8.15,8.1,HV,HA
28,7,delta,0.2260129860167004,0.4699921676506959,8.09,9.0,HV,HA
28,7,theta,0.8770479307218082,36.268890725043065,8.09,9.0,HV,HA
28,7,alpha,-6.751423815820784,24.219523535890975,8.09,9.0,HV,HA
28,7,beta,2.70218897869659,22.212073102983055,8.09,9.0,HV,HA
28,7,gamma,2.9255093225457536,16.807153484015757,8.09,9.0,HV,HA
28,8,delta,0.019310061182429894,0.5197523820185697,7.01,2.09,HV,HA
28,8,theta,3.461973988437414,39.47836378195899,7.01,2.09,HV,HA
28,8,alpha,-9.859902220003356,32.496196770974265,7.01,2.09,HV,HA
28,8,beta,2.6402123041963748,19.713305636125053,7.01,2.09,HV,HA
28,8,gamma,3.7326781789455747,7.776754402626352,7.01,2.09,HV,HA
28,9,delta,-0.10214753060291465,0.5520499780540692,5.04,5.0,HV,HA
28,9,theta,-15.990011340530646,44.18894768989979,5.04,5.0,HV,HA
28,9,alpha,-12.055160727958356,29.323048495283587,5.04,5.0,HV,HA
28,9,beta,12.566984384629468,16.647326431171283,5.04,5.0,HV,HA
28,9,gamma,15.556912215945738,9.276505149861176,5.04,5.0,HV,HA
28,10,delta,-0.08289838729487042,0.37882450129740636,7.99,7.13,HV,HA
28,10,theta,-9.737111526892129,47.40558823908289,7.99,7.13,HV,HA
28,10,alpha,-5.633163283592317,28.209225824204246,7.99,7.13,HV,HA
28,10,beta,6.568817768155853,17.422551615236188,7.99,7.13,HV,HA
28,10,gamma,8.871127001658817,6.571540173074317,7.99,7.13,HV,HA
28,11,delta,0.28067569027272166,0.6736323792936898,7.01,4.03,HV,LA
28,11,theta,-0.7623595816363746,44.28691830587685,7.01,4.03,HV,LA
28,11,alpha,-3.557839224599814,29.380248836076305,7.01,4.03,HV,LA
28,11,beta,1.54936363896962,19.009990113898862,7.01,4.03,HV,LA
28,11,gamma,2.4849743479916135,6.639943991088957,7.01,4.03,HV,LA
28,12,delta,0.2599073562818881,0.5184507966625941,6.06,2.05,HV,LA
28,12,theta,13.627386070217334,43.760162225604006,6.06,2.05,HV,LA
28,12,alpha,-6.478387521342874,21.44789665554476,6.06,2.05,HV,LA
28,12,beta,-6.417952882074356,22.149572247283796,6.06,2.05,HV,LA
28,12,gamma,-1.0316774353379117,12.104567477858438,6.06,2.05,HV,LA
28,13,delta,0.12067156982350963,0.2703540221234425,2.09,1.01,HV,LA
28,13,theta,0.7632282011220894,46.044418105943535,2.09,1.01,HV,LA
28,13,alpha,-11.29906409275987,29.16505520493254,2.09,1.01,HV,LA
28,13,beta,3.267340115516859,17.949085141415548,2.09,1.01,HV,LA
28,13,gamma,7.148197086755752,6.562150416444399,2.09,1.01,HV,LA
28,14,delta,-0.3808859734597109,0.5152106567424222,8.03,3.04,HV,LA
28,14,theta,-18.263558722567176,40.311129472229666,8.03,3.04,HV,LA
28,14,alpha,-10.552920066481182,26.279503497920928,8.03,3.04,HV,LA
28,14,beta,10.527160561185308,20.362733636118882,8.03,3.04,HV,LA
28,14,gamma,18.655220289635686,12.510612161935068,8.03,3.04,HV,LA
28,15,delta,-0.2058816461884001,0.5462279897545657,5.04,1.0,HV,LA
28,15,theta,-2.6044909613470963,52.59606632891973,5.04,1.0,HV,LA
28,15,alpha,-5.841300677488,26.120578946495023,5.04,1.0,HV,LA
28,15,beta,4.4560828467249,15.55010783841334,5.04,1.0,HV,LA
28,15,gamma,4.179213843316906,5.177863744393766,5.04,1.0,HV,LA
28,16,delta,0.09885613206510041,0.2553337280168689,6.91,2.01,HV,LA
28,16,theta,16.203628816207253,32.055812186343104,6.91,2.01,HV,LA
28,16,alpha,-8.774140361493398,32.75889965286927,6.91,2.01,HV,LA
28,16,beta,-5.4478370685535715,23.081768212255163,6.91,2.01,HV,LA
28,16,gamma,-2.0859894196814377,11.836684754758462,6.91,2.01,HV,LA
28,17,delta,0.36623216206928055,0.6065856079878909,6.99,3.09,HV,LA
28,17,theta,-3.4728521907401344,55.98133261931048,6.99,3.09,HV,LA
28,17,alpha,-5.320317192422017,26.14703718216193,6.99,3.09,HV,LA
28,17,beta,4.699400650690164,13.570323578059774,6.99,3.09,HV,LA
28,17,gamma,3.723037497963643,3.6889897959120006,6.99,3.09,HV,LA
28,18,delta,0.05707386963617722,0.14189028632296596,8.08,2.97,HV,LA
28,18,theta,-9.119301943985821,25.26891068159992,8.08,2.97,HV,LA
28,18,alpha,-11.766490233169367,29.018384119464983,8.08,2.97,HV,LA
28,18,beta,7.922486826493092,25.57798005114747,8.08,2.97,HV,LA
28,18,gamma,12.880221074782042,19.974071716673976,8.08,2.97,HV,LA
28,19,delta,-0.06584420662213641,0.5799909744678828,7.03,7.08,HV,LA
28,19,theta,-9.04860449581161,44.01011200584037,7.03,7.08,HV,LA
28,19,alpha,2.4652051723027313,27.39058595310486,7.03,7.08,HV,LA
28,19,beta,3.098768091747605,19.95340538260355,7.03,7.08,HV,LA
28,19,gamma,3.5460578611131437,8.053595690456227,7.03,7.08,HV,LA
28,20,delta,-0.35038282427033995,0.5843081907873784,8.04,6.99,HV,LA
28,20,theta,-2.8078327599692585,43.233474814889085,8.04,6.99,HV,LA
28,20,alpha,-8.004989546439766,30.902387499219092,8.04,6.99,HV,LA
28,20,beta,3.939787194282662,18.520542954715467,8.04,6.99,HV,LA
28,20,gamma,7.215661543244581,6.7466012316992146,8.04,6.99,HV,LA
28,21,delta,0.5580667892311517,0.4897681370537622,2.01,1.95,LV,LA
28,21,theta,19.84660067762685,29.69503386680109,2.01,1.95,LV,LA
28,21,alpha,-7.653757445089948,28.216698701391596,2.01,1.95,LV,LA
28,21,beta,-9.323230098729027,28.96774109746211,2.01,1.95,LV,LA
28,21,gamma,-3.4231291997782396,12.615880901421097,2.01,1.95,LV,LA
28,22,delta,0.09690180950841143,0.6444868385136349,5.03,1.0,LV,LA
28,22,theta,6.339805210314729,42.76183797853476,5.03,1.0,LV,LA
28,22,alpha,-8.612772910712962,28.225131553214155,5.03,1.0,LV,LA
28,22,beta,1.2829660884937404,21.418292250135494,5.03,1.0,LV,LA
28,22,gamma,0.8892742172508985,6.9450230531158565,5.03,1.0,LV,LA
28,23,delta,0.5299566008875647,0.5388629478137015,2.03,3.04,LV,LA
28,23,theta,16.93545134204409,39.43471446970841,2.03,3.04,LV,LA
28,23,alpha,-13.543181730050556,32.50929711540813,2.03,3.04,LV,LA
28,23,beta,-3.0123705233323648,20.147936675708202,2.03,3.04,LV,LA
28,23,gamma,-0.9105671491761509,7.359810180257442,2.03,3.04,LV,LA
28,24,delta,0.27452557331832794,0.5405005402971924,4.04,3.01,LV,LA
28,24,theta,-8.006046984010638,42.969138354455566,4.04,3.01,LV,LA
28,24,alpha,-2.7161610997998693,34.511364789538604,4.04,3.01,LV,LA
28,24,beta,6.374340065379027,16.538421468952905,4.04,3.01,LV,LA
28,24,gamma,4.070166048998279,5.432793542930739,4.04,3.01,LV,LA
28,25,delta,0.22001058665637263,0.34679125933730887,4.06,3.05,LV,LA
28,25,theta,4.802169393999861,31.79247195167188,4.06,3.05,LV,LA
28,25,alpha,-6.851161603612727,34.20750737578549,4.06,3.05,LV,LA
28,25,beta,-0.42612848223077293,23.607484346414,4.06,3.05,LV,LA
28,25,gamma,2.26259892545216,10.028621771681516,4.06,3.05,LV,LA
28,26,delta,-0.043974992227565735,0.6262698772475276,1.99,1.0,LV,LA
28,26,theta,-5.696750732781233,48.98373334430735,1.99,1.0,LV,LA
28,26,alpha,-9.914656694764162,28.136765414808288,1.99,1.0,LV,LA
28,26,beta,6.951249252294058,16.850130083227455,1.99,1.0,LV,LA
28,26,gamma,8.67340779290746,5.394737080995119,1.99,1.0,LV,LA
28,27,delta,-0.3894402506867118,0.7626735186142177,6.08,6.01,LV,LA
28,27,theta,-14.270809814682323,43.029506275683325,6.08,6.01,LV,LA
28,27,alpha,-1.9614350503718931,31.141576100008262,6.08,6.01,LV,LA
28,27,beta,8.148549609393488,18.18576248182493,6.08,6.01,LV,LA
28,27,gamma,8.466249745189529,6.8718123608799715,6.08,6.01,LV,LA
28,28,delta,0.2288176381713593,0.31192979460944736,2.9,1.85,LV,LA
28,28,theta,23.688006500795403,29.69018202043548,2.9,1.85,LV,LA
28,28,alpha,-13.152766654293796,35.68953001263089,2.9,1.85,LV,LA
28,28,beta,-7.621093687038943,25.01739506752029,2.9,1.85,LV,LA
28,28,gamma,-3.141532299353057,9.280721542025418,2.9,1.85,LV,LA
28,29,delta,0.033110285760187264,0.5137804888108022,2.06,1.97,LV,LA
28,29,theta,14.073322156737603,39.75389323728177,2.06,1.97,LV,LA
28,29,alpha,-5.987160095126011,31.505924217524544,2.06,1.97,LV,LA
28,29,beta,-6.430442385882191,20.72987691947965,2.06,1.97,LV,LA
28,29,gamma,-1.6882302107582339,7.485833319261747,2.06,1.97,LV,LA
28,30,delta,-0.0716972522602013,0.3364288529120628,1.99,2.0,LV,LA
28,30,theta,-1.4919710674538358,31.450154457581732,1.99,2.0,LV,LA
28,30,alpha,-7.430292449125304,37.732311823209656,1.99,2.0,LV,LA
28,30,beta,4.39725007644066,22.840785352316146,1.99,2.0,LV,LA
28,30,gamma,4.599207573009896,7.6274337982589975,1.99,2.0,LV,LA
28,31,delta,-0.0017236381843664383,0.43722773564793793,6.91,7.04,LV,HA
28,31,theta,1.551712371152746,36.540779753133876,6.91,7.04,LV,HA
28,31,alpha,-7.927472712738336,36.51166951166179,6.91,7.04,LV,HA
28,31,beta,2.833774591077564,20.152694047986902,6.91,7.04,LV,HA
28,31,gamma,3.5381269679481306,6.345639090345897,6.91,7.04,LV,HA
28,32,delta,0.30498663035543594,0.3844799173923517,3.05,7.05,LV,HA
28,32,theta,12.66447211274263,40.484680208002516,3.05,7.05,LV,HA
28,32,alpha,-11.95896603853415,30.641280759648318,3.05,7.05,LV,HA
28,32,beta,-2.304680496960117,20.129928684291485,3.05,7.05,LV,HA
28,32,gamma,1.302401772643675,8.348430176915286,3.05,7.05,LV,HA
28,33,delta,0.1088033304577829,0.714383967178667,7.01,7.92,LV,HA
28,33,theta,-3.022185158993821,40.97916643829016,7.01,7.92,LV,HA
28,33,alpha,-5.829886303479828,30.958973597339373,7.01,7.92,LV,HA
28,33,beta,4.429745775971487,20.548791823539105,7.01,7.92,LV,HA
28,33,gamma,4.31490781042441,6.79099202857633,7.01,7.92,LV,HA
28,34,delta,0.23431463169277267,0.40292042218496016,5.99,7.06,LV,HA
28,34,theta,19.13807980222183,43.89822094670105,5.99,7.06,LV,HA
28,34,alpha,-5.221964908487763,25.76857891796656,5.99,7.06,LV,HA
28,34,beta,-7.838021455997428,19.922025600183517,5.99,7.06,LV,HA
28,34,gamma,-6.302058113582733,9.989658544015617,5.99,7.06,LV,HA
28,35,delta,0.11723368577239796,0.2663770729121246,1.08,6.05,LV,HA
28,35,theta,-4.980759931459922,38.363743400480004,1.08,6.05,LV,HA
28,35,alpha,-8.759221208972129,34.08898900025936,1.08,6.05,LV,HA
28,35,beta,8.047416271632759,20.291680339005744,1.08,6.05,LV,HA
28,35,gamma,5.564713068045176,6.979982184669569,1.08,6.05,LV,HA
28,36,delta,0.25510920706031637,0.4441634331512553,3.08,2.96,LV,HA
28,36,theta,-1.7710701963393518,43.1256469397041,3.08,2.96,LV,HA
28,36,alpha,-5.168679694451871,31.721733959388693,3.08,2.96,LV,HA
28,36,beta,3.581363930642258,18.729910096592334,3.08,2.96,LV,HA
28,36,gamma,3.0950319636085597,5.972142686833906,3.08,2.96,LV,HA
28,37,delta,-0.217487546550858,0.5445629517264219,1.01,5.0,LV,HA
28,37,theta,-9.121843958218236,42.73937507713353,1.01,5.0,LV,HA
28,37,alpha,-5.7826706245797475,30.955507506015316,1.01,5.0,LV,HA
28,37,beta,8.544441037931406,18.692614071728453,1.01,5.0,LV,HA
28,37,gamma,6.564421566609162,7.059535431925166,1.01,5.0,LV,HA
28,38,delta,-0.06791932250108429,0.4796731055989345,1.96,7.96,LV,HA
28,38,theta,-8.345501010028471,40.04351049121344,1.96,7.96,LV,HA
28,38,alpha,-4.738278981786433,29.97857760159374,1.96,7.96,LV,HA
28,38,beta,6.863317495064649,22.53864027370544,1.96,7.96,LV,HA
28,38,gamma,6.282471255598679,6.9522642175635205,1.96,7.96,LV,HA
28,39,delta,0.012515725014312529,0.38627086141884437,1.04,3.06,LV,HA
28,39,theta,-1.7493947808469983,39.85054637892763,1.04,3.06,LV,HA
28,39,alpha,-5.693043659739271,33.196424415214324,1.04,3.06,LV,HA
28,39,beta,4.715043156415096,19.51346947607665,1.04,3.06,LV,HA
28,39,gamma,2.7127368287185396,7.0401282831650445,1.04,3.06,LV,HA
28,40,delta,0.003199168192803248,0.3766843183034395,7.1,7.04,LV,HA
28,40,theta,6.232330581157399,36.68307627344871,7.1,7.04,LV,HA
28,40,alpha,-10.055134502695452,30.796829715417324,7.1,7.04,LV,HA
28,40,beta,1.8514653534911858,20.88120977297855,7.1,7.04,LV,HA
28,40,gamma,1.9693462946306255,11.248803229255344,7.1,7.04,LV,HA
29,1,delta,0.19292996467493406,1.1743602475353616,6.06,5.06,HV,HA
29,1,theta,0.3876380799596859,68.00001848684596,6.06,5.06,HV,HA
29,1,alpha,-4.491161911825586,18.487559663515714,6.06,5.06,HV,HA
29,1,beta,-1.4348674599770632,8.921222646863972,6.06,5.06,HV,HA
29,1,gamma,5.346741219975346,3.409129502198811,6.06,5.06,HV,HA
29,2,delta,-0.3533711095985942,1.106503869448607,7.05,7.05,HV,HA
29,2,theta,-6.783218252176674,67.86119412971689,7.05,7.05,HV,HA
29,2,alpha,-8.636042659397305,16.499163478291226,7.05,7.05,HV,HA
29,2,beta,4.496225334134291,9.842931395990034,7.05,7.05,HV,HA
29,2,gamma,11.268819630477175,4.682599610113944,7.05,7.05,HV,HA
29,3,delta,-0.8113734494622632,1.928694017158472,9.0,7.08,HV,HA
29,3,theta,-15.507801762306222,76.918587340487,9.0,7.08,HV,HA
29,3,alpha,-3.4053840997750395,13.359958188467417,9.0,7.08,HV,HA
29,3,beta,8.862930099699838,5.727817921907139,9.0,7.08,HV,HA
29,3,gamma,10.840596722754146,2.062190687286334,9.0,7.08,HV,HA
29,4,delta,0.5126854739817136,1.1694977248723522,7.17,8.09,HV,HA
29,4,theta,5.983813113866972,69.94830417779345,7.17,8.09,HV,HA
29,4,alpha,-2.764875853885716,15.541680359968735,7.17,8.09,HV,HA
29,4,beta,-3.989367778189022,9.084837847660012,7.17,8.09,HV,HA
29,4,gamma,0.2575312028779875,4.24704006374483,7.17,8.09,HV,HA
29,5,delta,0.26733467250849996,0.9930510114065678,6.05,8.05,HV,HA
29,5,theta,-7.560690694779659,72.88668635026863,6.05,8.05,HV,HA
29,5,alpha,-2.42654590087076,15.087359816615756,6.05,8.05,HV,HA
29,5,beta,1.9886408032380416,7.935252112023836,6.05,8.05,HV,HA
29,5,gamma,7.719404944669005,3.092641625738072,6.05,8.05,HV,HA
29,6,delta,-0.0006160584828265314,1.184629252761737,8.03,6.08,HV,HA
29,6,theta,-1.279534333049888,73.92638478484383,8.03,6.08,HV,HA
29,6,alpha,-8.245943973759614,15.351344560707673,8.03,6.08,HV,HA
29,6,beta,1.9098725068163898,6.825827616509363,8.03,6.08,HV,HA
29,6,gamma,7.606318560529464,2.7082759372198493,8.03,6.08,HV,HA
29,7,delta,0.5420011220604721,0.9693971978351832,7.04,7.1,HV,HA
29,7,theta,-6.356744987743113,70.89381384602855,7.04,7.1,HV,HA
29,7,alpha,-6.654326645648101,16.277721093020055,7.04,7.1,HV,HA
29,7,beta,3.69887179040386,8.794360893678535,7.04,7.1,HV,HA
29,7,gamma,8.764996998439813,3.0611422570088607,7.04,7.1,HV,HA
29,8,delta,0.2403300587043561,0.9367432032489158,7.04,5.0,HV,HA
29,8,theta,-4.543355101632187,74.58211864975061,7.04,5.0,HV,HA
29,8,alpha,-5.3031487584225765,14.491557853525993,7.04,5.0,HV,HA
29,8,beta,2.0207390167097437,7.44824745651008,7.04,5.0,HV,HA
29,8,gamma,7.5714169841761585,2.5384496991487855,7.04,5.0,HV,HA
29,9,delta,-0.4020848285091305,1.9466042726326722,7.06,6.06,HV,HA
29,9,theta,5.062661346331211,76.80058710251544,7.06,6.06,HV,HA
29,9,alpha,-1.8997961023595842,12.581108502230578,7.06,6.06,HV,HA
29,9,beta,-3.4063621886759528,6.519176432102672,7.06,6.06,HV,HA
29,9,gamma,0.6477645323897274,2.1486596656982035,7.06,6.06,HV,HA
29,10,delta,-0.0746730635738796,1.0756090504433813,7.01,9.0,HV,HA
29,10,theta,-15.025254727530886,68.49477931994181,7.01,9.0,HV,HA
29,10,alpha,-4.4446431252421394,14.377657837094937,7.01,9.0,HV,HA
29,10,beta,11.379645401995592,10.207675407712028,7.01,9.0,HV,HA
29,10,gamma,8.164109044499872,5.8338455128044595,7.01,9.0,HV,HA
29,11,delta,-0.5309917927215477,1.2972090866792847,8.03,7.01,HV,LA
29,11,theta,-11.343299949345251,65.93570464023412,8.03,7.01,HV,LA
29,11,alpha,-1.5990289824405686,18.454646199278884,8.03,7.01,HV,LA
29,11,beta,4.904634232820735,9.853014633888733,8.03,7.01,HV,LA
29,11,gamma,8.550870753827857,4.455665848176389,8.03,7.01,HV,LA
29,12,delta,-0.1193461133164958,1.2074555788044596,6.04,4.05,HV,LA
29,12,theta,-14.581605834130407,64.9329547365543,6.04,4.05,HV,LA
29,12,alpha,-4.740120166503395,20.876428407684816,6.04,4.05,HV,LA
29,12,beta,6.842977513513048,9.866089550631338,6.04,4.05,HV,LA
29,12,gamma,12.570798161858495,3.112008679284017,6.04,4.05,HV,LA
29,13,delta,-0.04414609276971093,1.0419513405323952,6.06,2.92,HV,LA
29,13,theta,-10.325761405966297,57.120618400740156,6.06,2.92,HV,LA
29,13,alpha,8.241094294715602,32.15618548623439,6.06,2.92,HV,LA
29,13,beta,-0.41193957200418474,7.739460054401231,6.06,2.92,HV,LA
29,13,gamma,2.53856029173687,1.939154717795068,6.06,2.92,HV,LA
29,14,delta,-0.3007847713587165,1.1263993650409834,8.06,5.05,HV,LA
29,14,theta,-7.250000786069535,71.77676113195182,8.06,5.05,HV,LA
29,14,alpha,-6.754274354960948,15.78692490816476,8.06,5.05,HV,LA
29,14,beta,4.647260241562925,8.314187241147613,8.06,5.05,HV,LA
29,14,gamma,9.64170640720088,2.9885311776719448,8.06,5.05,HV,LA
29,15,delta,-0.11414146445701895,1.0597209328799542,4.01,1.97,HV,LA
29,15,theta,-10.77122974696514,66.60025525224609,4.01,1.97,HV,LA
29,15,alpha,-0.7845460907074191,17.83296180447693,4.01,1.97,HV,LA
29,15,beta,0.24358829254546066,9.565646502142856,4.01,1.97,HV,LA
29,15,gamma,11.376776773401122,4.937927955633003,4.01,1.97,HV,LA
29,16,delta,0.5866573186476878,1.3932975643623347,3.0,1.0,HV,LA
29,16,theta,6.418229065802869,70.72320920490412,3.0,1.0,HV,LA
29,16,alpha,-1.744181191605641,18.404085251402705,3.0,1.0,HV,LA
29,16,beta,-5.404097202493796,6.906657900153585,3.0,1.0,HV,LA
29,16,gamma,0.13843250985927646,2.5685520458784534,3.0,1.0,HV,LA
29,17,delta,-0.19847241440272767,1.1789879771321545,5.08,1.0,HV,LA
29,17,theta,-4.240396744855147,70.80246857271229,5.08,1.0,HV,LA
29,17,alpha,2.7938112282779954,19.226790823148775,5.08,1.0,HV,LA
29,17,beta,0.3811985949246335,6.89619815323303,5.08,1.0,HV,LA
29,17,gamma,1.2620057704921237,1.893087246970238,5.08,1.0,HV,LA
29,18,delta,-1.1440754404366218,1.4607500860514806,7.01,5.04,HV,LA
29,18,theta,-14.214176979297065,61.288711709420795,7.01,5.04,HV,LA
29,18,alpha,2.222522709580563,26.98376832416882,7.01,5.04,HV,LA
29,18,beta,4.58558429530223,6.578271872409871,7.01,5.04,HV,LA
29,18,gamma,8.53477327417082,3.6838527785017225,7.01,5.04,HV,LA
29,19,delta,-0.3591243924769042,1.0777589604219528,7.05,6.06,HV,LA
29,19,theta,-16.63333301674166,74.00889287837563,7.05,6.06,HV,LA
29,19,alpha,-6.197350890674656,15.09092886383601,7.05,6.06,HV,LA
29,19,beta,10.079591135271361,7.059294583964814,7.05,6.06,HV,LA
29,19,gamma,13.08836383177861,2.7590976235545113,7.05,6.06,HV,LA
29,20,delta,0.2022432410387689,1.7395665363195163,8.03,7.09,HV,LA
29,20,theta,4.607151764041852,70.67177847059956,8.03,7.09,HV,LA
29,20,alpha,-0.5866653672853204,18.12986943287722,8.03,7.09,HV,LA
29,20,beta,-4.298648486118806,7.3710505761983445,8.03,7.09,HV,LA
29,20,gamma,0.07525344445958382,2.085636304380103,8.03,7.09,HV,LA
29,21,delta,0.20778150233037485,1.3352199693322402,2.92,2.03,LV,LA
29,21,theta,9.291879353046653,67.18626031314002,2.92,2.03,LV,LA
29,21,alpha,-6.739050618111936,19.099175915065505,2.92,2.03,LV,LA
29,21,beta,-4.688675836565654,8.441214359937078,2.92,2.03,LV,LA
29,21,gamma,1.924576428531239,3.9333456963345785,2.92,2.03,LV,LA
29,22,delta,0.26139344555745314,1.2602980340632233,3.05,2.99,LV,LA
29,22,theta,-4.605915142088762,65.12796420409197,3.05,2.99,LV,LA
29,22,alpha,0.12009251471843996,22.196181378305898,3.05,2.99,LV,LA
29,22,beta,-0.14522132566500012,8.575201190419703,3.05,2.99,LV,LA
29,22,gamma,4.365171560357599,2.837101128375725,3.05,2.99,LV,LA
29,23,delta,0.3253200573922067,0.6260020733224612,2.05,1.0,LV,LA
29,23,theta,5.569849406803776,57.755446548514676,2.05,1.0,LV,LA
29,23,alpha,1.6760595150102588,31.43857857640141,2.05,1.0,LV,LA
29,23,beta,-5.884860597678424,7.435889783685425,2.05,1.0,LV,LA
29,23,gamma,-1.6866897823440352,2.7404202251166137,2.05,1.0,LV,LA
29,24,delta,0.12736305521661284,0.8278294854435795,4.12,7.0,LV,LA
29,24,theta,-8.354289963168995,66.20613719440775,4.12,7.0,LV,LA
29,24,alpha,3.869787075388473,24.91260633323937,4.12,7.0,LV,LA
29,24,beta,1.4851455381696521,6.093044738245439,4.12,7.0,LV,LA
29,24,gamma,2.8689505885871665,1.9580396292931994,4.12,7.0,LV,LA
29,25,delta,0.19972480661861175,0.9133157271033068,3.03,3.97,LV,LA
29,25,theta,3.8814227181908834,61.67360644615373,3.03,3.97,LV,LA
29,25,alpha,-6.410937093354516,25.70567808898794,3.03,3.97,LV,LA
29,25,beta,-3.1282509013595607,8.402572392449475,3.03,3.97,LV,LA
29,25,gamma,5.436772086889335,3.2996691867347376,3.03,3.97,LV,LA
29,26,delta,0.014312285631346788,1.3826990375029298,3.0,1.0,LV,LA
29,26,theta,-10.977179325240982,68.83040178436258,3.0,1.0,LV,LA
29,26,alpha,-1.2216138643010908,18.91022540956525,3.0,1.0,LV,LA
29,26,beta,4.5548331693055,7.431169970024241,3.0,1.0,LV,LA
29,26,gamma,7.616599147616513,3.441404213882797,3.0,1.0,LV,LA
29,27,delta,0.25330610081173854,1.182100076438358,7.09,6.06,LV,LA
29,27,theta,-2.643256871183034,70.21632572137386,7.09,6.06,LV,LA
29,27,alpha,-5.947183993226474,18.198560713427867,7.09,6.06,LV,LA
29,27,beta,2.4289844707670163,7.9117163903294845,7.09,6.06,LV,LA
29,27,gamma,5.901049193853537,2.4873430219211836,7.09,6.06,LV,LA
29,28,delta,0.00867192981060061,1.010908048514787,1.04,2.1,LV,LA
29,28,theta,-1.5142685553542208,67.54674050714951,1.04,2.1,LV,LA
29,28,alpha,-6.114521912748476,15.110413071622371,1.04,2.1,LV,LA
29,28,beta,1.3561261833126146,10.142146159174173,1.04,2.1,LV,LA
29,28,gamma,6.247667756075382,6.179797251807256,1.04,2.1,LV,LA
29,29,delta,-0.0069313323321028575,0.9534599644648089,3.97,1.0,LV,LA
29,29,theta,3.710335727644015,63.73614524675291,3.97,1.0,LV,LA
29,29,alpha,-2.78860158755705,22.993662233719775,3.97,1.0,LV,LA
29,29,beta,-3.233300962886732,8.280566410140722,3.97,1.0,LV,LA
29,29,gamma,2.33005168321176,4.025439546522554,3.97,1.0,LV,LA
29,30,delta,0.474829727423029,1.2889766820347153,2.95,7.12,LV,LA
29,30,theta,4.524441578041035,74.6156677403996,2.95,7.12,LV,LA
29,30,alpha,-7.382513499251562,14.863474440418464,2.95,7.12,LV,LA
29,30,beta,-1.8245293942070369,6.3241430280827755,2.95,7.12,LV,LA
29,30,gamma,4.208669631720866,2.9049852211923692,2.95,7.12,LV,LA
29,31,delta,0.11047580930371803,1.0884079111254916,1.0,8.04,LV,HA
29,31,theta,-7.947222941607393,68.39242201742714,1.0,8.04,LV,HA
29,31,alpha,-3.7779344075760015,16.0469016457076,1.0,8.04,LV,HA
29,31,beta,2.357656643435572,10.027997557670314,1.0,8.04,LV,HA
29,31,gamma,9.233933049839507,4.434819842597826,1.0,8.04,LV,HA
29,32,delta,-0.01633561204153644,1.3440968973460123,4.04,9.0,LV,HA
29,32,theta,-3.0892272021094414,69.12983609025433,4.04,9.0,LV,HA
29,32,alpha,-8.06759748562871,15.389260128533577,4.04,9.0,LV,HA
29,32,beta,3.5384228745233166,10.003869873632247,4.04,9.0,LV,HA
29,32,gamma,7.6229653553678824,4.127182094635416,4.04,9.0,LV,HA
29,33,delta,0.3620998511459059,1.114454114367183,1.99,7.03,LV,HA
29,33,theta,9.387690933404912,73.60280526226623,1.99,7.03,LV,HA
29,33,alpha,-5.448251031842265,13.753042944365603,1.99,7.03,LV,HA
29,33,beta,-4.265232018036196,8.019093761253288,1.99,7.03,LV,HA
29,33,gamma,-0.0438174911389293,3.5065317124970914,1.99,7.03,LV,HA
29,34,delta,0.08919695445893949,1.1378843817669162,3.95,7.97,LV,HA
29,34,theta,1.0844011011424328,70.49523217179126,3.95,7.97,LV,HA
29,34,alpha,-1.866844675536374,18.830379289066478,3.95,7.97,LV,HA
29,34,beta,-1.0142349390120575,7.263699647112112,3.95,7.97,LV,HA
29,34,gamma,1.7081651389096795,2.270213993016804,3.95,7.97,LV,HA
29,35,delta,0.1780283805954994,1.1010230394331106,1.92,8.04,LV,HA
29,35,theta,-0.562416378291978,73.03826758579146,1.92,8.04,LV,HA
29,35,alpha,-3.078191230805988,15.419615833249123,1.92,8.04,LV,HA
29,35,beta,-0.7813356748134268,7.892638847509652,1.92,8.04,LV,HA
29,35,gamma,4.234299406578128,2.545670067625726,1.92,8.04,LV,HA
29,36,delta,0.024973634473650863,1.6954882745140987,5.03,7.05,LV,HA
29,36,theta,7.515372127962209,73.18548021747904,5.03,7.05,LV,HA
29,36,alpha,-5.61464950308306,14.826647470489688,5.03,7.05,LV,HA
29,36,beta,-3.48225715446911,7.809296223698956,5.03,7.05,LV,HA
29,36,gamma,1.5548799786230108,2.48005042043883,5.03,7.05,LV,HA
29,37,delta,0.3589792269356963,1.302095135385525,5.01,5.0,LV,HA
29,37,theta,-3.383097030950964,69.5643566611604,5.01,5.0,LV,HA
29,37,alpha,-5.809711868660273,17.157469362515215,5.01,5.0,LV,HA
29,37,beta,1.2715021169367358,8.916303534144603,5.01,5.0,LV,HA
29,37,gamma,7.550880313008262,3.0533653793348794,5.01,5.0,LV,HA
29,38,delta,0.08484194941935264,1.1398922356115455,1.88,1.79,LV,HA
29,38,theta,-7.742415891559119,71.66340987119453,1.88,1.79,LV,HA
29,38,alpha,0.9328789492197274,17.176893879384355,1.88,1.79,LV,HA
29,38,beta,1.9919520173122152,7.573571030424529,1.88,1.79,LV,HA
29,38,gamma,4.724311472869714,2.4429328619066744,1.88,1.79,LV,HA
29,39,delta,0.4178011596073404,0.8143354140069797,6.05,8.08,LV,HA
29,39,theta,-5.026436386858116,67.27371784204567,6.05,8.08,LV,HA
29,39,alpha,-6.188664415354545,18.185659123041066,6.05,8.08,LV,HA
29,39,beta,2.6883792783822464,9.769314177612333,6.05,8.08,LV,HA
29,39,gamma,8.092203789931773,3.9519823880343536,6.05,8.08,LV,HA
29,40,delta,0.595702172033274,1.3481337292778488,6.01,7.09,LV,HA
29,40,theta,5.701805262817359,69.92532069103532,6.01,7.09,LV,HA
29,40,alpha,-6.518125757050155,17.15908384907887,6.01,7.09,LV,HA
29,40,beta,-1.90672919498666,8.914981800912088,6.01,7.09,LV,HA
29,40,gamma,2.1228352794607557,2.647925204012281,6.01,7.09,LV,HA
30,1,delta,-0.822541108064983,1.3119018643457012,5.04,5.04,HV,HA
30,1,theta,-24.35505404710198,63.31291184869069,5.04,5.04,HV,HA
30,1,alpha,3.0091329827043776,11.984083391885711,5.04,5.04,HV,HA
30,1,beta,17.143817465256014,18.927127359952998,5.04,5.04,HV,HA
30,1,gamma,5.0208277339819,4.4595121856757345,5.04,5.04,HV,HA
30,2,delta,-0.650386439621248,1.1466491442299946,7.15,6.12,HV,HA
30,2,theta,-18.439824178853037,53.92440649790008,7.15,6.12,HV,HA
30,2,alpha,7.42459659013198,18.195705400853615,7.15,6.12,HV,HA
30,2,beta,10.008504108345393,21.243177149138834,7.15,6.12,HV,HA
30,2,gamma,1.6570123639671879,5.483985081875787,7.15,6.12,HV,HA
30,3,delta,-0.6001886828275709,0.7667822432821463,6.15,5.92,HV,HA
30,3,theta,-2.2736036039039575,44.86539851443117,6.15,5.92,HV,HA
30,3,alpha,4.483980672939724,15.843056435104984,6.15,5.92,HV,HA
30,3,beta,-0.4437864291737146,23.801257688913687,6.15,5.92,HV,HA
30,3,gamma,-1.1626017429834072,14.695105548017814,6.15,5.92,HV,HA
30,4,delta,-0.21392106982911674,0.5675301363214866,7.04,6.96,HV,HA
30,4,theta,-14.864886792618613,58.10490867954002,7.04,6.96,HV,HA
30,4,alpha,6.51381956142332,15.17224452717426,7.04,6.96,HV,HA
30,4,beta,7.712998038223697,19.654415578246784,7.04,6.96,HV,HA
30,4,gamma,0.8531521001994884,6.492708790180085,7.04,6.96,HV,HA
30,5,delta,-0.6712778482479946,0.5562955832234802,6.19,6.94,HV,HA
30,5,theta,1.4206221849993028,69.94239189861383,6.19,6.94,HV,HA
30,5,alpha,-1.3085492644537569,11.011361307000875,6.19,6.94,HV,HA
30,5,beta,1.0817161811196137,14.60909117326641,6.19,6.94,HV,HA
30,5,gamma,-0.5224893360271685,3.876092115558216,6.19,6.94,HV,HA
30,6,delta,-0.40360513053039093,0.60089741958384,6.22,5.95,HV,HA
30,6,theta,-15.828023537972435,45.80895505334347,6.22,5.95,HV,HA
30,6,alpha,2.3432076602049356,13.49801962736715,6.22,5.95,HV,HA
30,6,beta,8.961821971235091,22.0795516639769,6.22,5.95,HV,HA
30,6,gamma,4.928212582032357,17.985705389716134,6.22,5.95,HV,HA
30,7,delta,-0.0725085941820699,0.9658091995575481,4.05,4.06,HV,HA
30,7,theta,-7.039965759249242,58.6583049340428,4.05,4.06,HV,HA
30,7,alpha,6.252963345465247,15.488037298863837,4.05,4.06,HV,HA
30,7,beta,3.4196901305631915,19.000463854158667,4.05,4.06,HV,HA
30,7,gamma,-2.553758217628462,5.880421916749048,4.05,4.06,HV,HA
30,8,delta,-0.5022507842916898,0.6629698712462331,6.05,6.01,HV,HA
30,8,theta,-23.828285943543783,45.27798428303395,6.05,6.01,HV,HA
30,8,alpha,5.897199751989584,14.425932692298584,6.05,6.01,HV,HA
30,8,beta,13.823783957534577,22.575336616601827,6.05,6.01,HV,HA
30,8,gamma,4.603349532991139,17.03175659685243,6.05,6.01,HV,HA
30,9,delta,-1.0960697461467503,0.9967003059579995,7.08,6.14,HV,HA
30,9,theta,-20.441153478012616,57.49625826118579,7.08,6.14,HV,HA
30,9,alpha,5.96221598975862,14.59305552401259,7.08,6.14,HV,HA
30,9,beta,12.875261110372918,21.6481657457528,7.08,6.14,HV,HA
30,9,gamma,2.6976073097729154,5.259822076863612,7.08,6.14,HV,HA
30,10,delta,-0.7059012431508965,1.2048418068113218,5.08,4.99,HV,HA
30,10,theta,-30.18817881234692,65.12927779926062,5.08,4.99,HV,HA
30,10,alpha,9.166748343279783,12.798542024449521,5.08,4.99,HV,HA
30,10,beta,16.857212911577818,16.173359302705855,5.08,4.99,HV,HA
30,10,gamma,4.863315383762739,4.6888445674058135,5.08,4.99,HV,HA
30,11,delta,-0.39622638304919167,0.5591922752975748,6.06,7.14,HV,LA
30,11,theta,-21.846472461757962,56.99789805994287,6.06,7.14,HV,LA
30,11,alpha,7.777905483380119,15.843822171558825,6.06,7.14,HV,LA
30,11,beta,12.822450575661355,21.788825902189622,6.06,7.14,HV,LA
30,11,gamma,1.6400555629916482,4.8044086012451785,6.06,7.14,HV,LA
30,12,delta,-1.5976865281274102,0.742741788599946,5.15,3.0,HV,LA
30,12,theta,-26.895060593715108,52.14663558794629,5.15,3.0,HV,LA
30,12,alpha,7.744268763520557,16.16178807121863,5.15,3.0,HV,LA
30,12,beta,16.393797241370095,25.293752394773747,5.15,3.0,HV,LA
30,12,gamma,4.350918930503374,5.645744105033796,5.15,3.0,HV,LA
30,13,delta,-0.06434772693311541,0.6434651886219533,4.04,4.97,HV,LA
30,13,theta,-27.90291709224158,63.15897683122296,4.04,4.97,HV,LA
30,13,alpha,8.740166427954144,13.243609604557063,4.04,4.97,HV,LA
30,13,beta,15.991468285413232,16.882163055344268,4.04,4.97,HV,LA
30,13,gamma,3.231174085909064,6.060498251724504,4.04,4.97,HV,LA
30,14,delta,-0.4377438803403495,0.7039566291955861,5.04,5.0,HV,LA
30,14,theta,-32.67750405668989,61.3310591690221,5.04,5.0,HV,LA
30,14,alpha,6.654213876807354,13.651379706386322,5.04,5.0,HV,LA
30,14,beta,21.332028239690082,19.92259145481249,5.04,5.0,HV,LA
30,14,gamma,5.125922536259857,4.3867444936018964,5.04,5.0,HV,LA
30,15,delta,-1.4735580417900618,1.5804336240720274,5.01,4.01,HV,LA
30,15,theta,-20.416741977349858,68.90800221052177,5.01,4.01,HV,LA
30,15,alpha,6.494562448143185,10.315876054607035,5.01,4.01,HV,LA
30,15,beta,12.254744630761644,12.131380486120424,5.01,4.01,HV,LA
30,15,gamma,3.136199419458405,7.051846067158268,5.01,4.01,HV,LA
30,16,delta,-1.2911894014111254,1.9112592584445105,5.04,5.04,HV,LA
30,16,theta,-35.46456031561189,69.65156072590867,5.04,5.04,HV,LA
30,16,alpha,6.703008417430712,9.839607514545877,5.04,5.04,HV,LA
30,16,beta,22.83324620652555,13.803043840117883,5.04,5.04,HV,LA
30,16,gamma,7.209690495750888,4.787224109504457,5.04,5.04,HV,LA
30,17,delta,-0.8432060956300642,1.4955138997425033,7.13,6.06,HV,LA
30,17,theta,-20.912735399077825,67.23041428751522,7.13,6.06,HV,LA
30,17,alpha,10.040582221028128,14.0768319473498,7.13,6.06,HV,LA
30,17,beta,9.892109769348531,13.92697075279293,7.13,6.06,HV,LA
30,17,gamma,1.8187063537949362,3.2672630968047067,7.13,6.06,HV,LA
30,18,delta,-1.2993144126750966,1.6458816736386386,7.05,5.06,HV,LA
30,18,theta,-58.24272916111789,73.86295453908022,7.05,5.06,HV,LA
30,18,alpha,2.326921737946712,9.39066904993986,7.05,5.06,HV,LA
30,18,beta,23.906106227273312,9.420847812294529,7.05,5.06,HV,LA
30,18,gamma,33.16788900558803,5.672459176781256,7.05,5.06,HV,LA
30,19,delta,-0.7328138185270372,0.7977985601254227,8.27,7.03,HV,LA
30,19,theta,-24.28455488051472,62.541439525766165,8.27,7.03,HV,LA
30,19,alpha,5.712529598333264,14.496042198900781,8.27,7.03,HV,LA
30,19,beta,15.148321179963977,17.090271154135653,8.27,7.03,HV,LA
30,19,gamma,4.154108661747543,5.069408975200355,8.27,7.03,HV,LA
30,20,delta,-1.2231531797538975,1.3554122246007303,7.26,7.06,HV,LA
30,20,theta,-20.286293572513998,58.03152326412949,7.26,7.06,HV,LA
30,20,alpha,7.814586828922186,16.310244652797557,7.26,7.06,HV,LA
30,20,beta,12.132047943294616,19.726660481211393,7.26,7.06,HV,LA
30,20,gamma,1.561301946509838,4.57231242185391,7.26,7.06,HV,LA
30,21,delta,-0.3149728703504071,0.835051218877296,3.05,2.9,LV,LA
30,21,theta,-32.04786082095638,71.285961562876,3.05,2.9,LV,LA
30,21,alpha,3.627823639234961,9.522668086124227,3.05,2.9,LV,LA
30,21,beta,21.11257111575888,14.818309102677627,3.05,2.9,LV,LA
30,21,gamma,7.610332761925836,3.532786297133838,3.05,2.9,LV,LA
30,22,delta,-0.18140052795570105,1.0530009396258126,4.05,4.03,LV,LA
30,22,theta,-22.337128512592976,59.041973302770344,4.05,4.03,LV,LA
30,22,alpha,6.831775142918298,13.949874922815729,4.05,4.03,LV,LA
30,22,beta,14.11818283239161,19.15291173690496,4.05,4.03,LV,LA
30,22,gamma,1.5685164727241636,6.793069267188901,4.05,4.03,LV,LA
30,23,delta,-1.2544755163709156,1.2923648552174598,3.0,2.99,LV,LA
30,23,theta,-24.757365603930374,62.58035592599917,3.0,2.99,LV,LA
30,23,alpha,3.758225867797508,13.146037114913842,3.0,2.99,LV,LA
30,23,beta,17.992184463411213,18.771795941887934,3.0,2.99,LV,LA
30,23,gamma,4.25594766117012,4.204670743361405,3.0,2.99,LV,LA
30,24,delta,-1.0773705174776185,1.0724312779817988,5.99,4.95,LV,LA
30,24,theta,-23.64310760125995,59.636055788890175,5.99,4.95,LV,LA
30,24,alpha,4.03951175029245,14.983730379684474,5.99,4.95,LV,LA
30,24,beta,16.22121619785979,17.133402661435525,5.99,4.95,LV,LA
30,24,gamma,4.455791787020729,7.164317932699346,5.99,4.95,LV,LA
30,25,delta,-0.5421149783530373,1.0320163665220088,3.92,4.0,LV,LA
30,25,theta,-35.75367185515981,67.503905517907,3.92,4.0,LV,LA
30,25,alpha,5.466113822927649,9.806881858163802,3.92,4.0,LV,LA
30,25,beta,23.664870039635176,15.459208811073704,3.92,4.0,LV,LA
30,25,gamma,7.159341464955622,6.186013997259872,3.92,4.0,LV,LA
30,26,delta,-0.8729407966904605,1.6597297894197247,5.01,1.0,LV,LA
30,26,theta,-19.86036255015499,74.15982927000076,5.01,1.0,LV,LA
30,26,alpha,5.578896649618267,10.72631901946129,5.01,1.0,LV,LA
30,26,beta,12.063820192044957,11.048652497747845,5.01,1.0,LV,LA
30,26,gamma,3.0869050028411227,2.402397181463119,5.01,1.0,LV,LA
30,27,delta,-0.2612148393761753,1.0791516063269566,8.01,6.27,LV,LA
30,27,theta,-22.119782468850644,56.24283901779795,8.01,6.27,LV,LA
30,27,alpha,8.375473172730729,13.759058918157539,8.01,6.27,LV,LA
30,27,beta,11.391417555812652,18.35920195969934,8.01,6.27,LV,LA
30,27,gamma,2.6121203701281024,10.541859796928112,8.01,6.27,LV,LA
30,28,delta,-0.043490498407697364,1.4722536188435198,5.06,4.97,LV,LA
30,28,theta,-13.53531544189837,72.94070110150737,5.06,4.97,LV,LA
30,28,alpha,-3.3912577032414397,12.607107306107338,5.06,4.97,LV,LA
30,28,beta,9.457341064646817,8.809428721470614,5.06,4.97,LV,LA
30,28,gamma,7.50584895207392,4.1669819319891435,5.06,4.97,LV,LA
30,29,delta,-0.2834230255792437,1.0225177573825075,7.23,5.1,LV,LA
30,29,theta,-31.384888254905228,63.93847105368678,7.23,5.1,LV,LA
30,29,alpha,7.242953251021806,12.983983657561325,7.23,5.1,LV,LA
30,29,beta,18.544145955497157,18.02068869250253,7.23,5.1,LV,LA
30,29,gamma,5.872948046788939,4.030242864514459,7.23,5.1,LV,LA
30,30,delta,-0.19707902506367425,0.7281627122424279,4.04,6.14,LV,LA
30,30,theta,-18.194822063370204,59.98239802796247,4.04,6.14,LV,LA
30,30,alpha,5.476857449158265,15.231315169452444,4.04,6.14,LV,LA
30,30,beta,11.948972926363226,18.50978900259223,4.04,6.14,LV,LA
30,30,gamma,0.9690440408204015,5.54383140710574,4.04,6.14,LV,LA
30,31,delta,-0.02632119738719063,0.8242065397925219,3.86,3.95,LV,HA
30,31,theta,-7.848491555502655,56.09079687303631,3.86,3.95,LV,HA
30,31,alpha,4.54384851127897,14.1728292387652,3.86,3.95,LV,HA
30,31,beta,5.26782521489581,20.561164120762996,3.86,3.95,LV,HA
30,31,gamma,-1.936445299589507,8.337112603036168,3.86,3.95,LV,HA
30,32,delta,-0.5847141431095396,0.998070113030679,5.01,3.94,LV,HA
30,32,theta,-24.212199373996448,64.9270787575793,5.01,3.94,LV,HA
30,32,alpha,6.252652170358097,13.987930871518714,5.01,3.94,LV,HA
30,32,beta,14.64470175695196,15.010357703578123,5.01,3.94,LV,HA
30,32,gamma,3.894518641631274,5.071021139220217,5.01,3.94,LV,HA
30,33,delta,-1.4437108707862083,1.1531438728062655,3.91,3.05,LV,HA
30,33,theta,-27.87700781055129,50.68795510301332,3.91,3.05,LV,HA
30,33,alpha,7.10713461834535,14.491591518479527,3.91,3.05,LV,HA
30,33,beta,16.483529011416252,20.591904326924755,3.91,3.05,LV,HA
30,33,gamma,5.719252643884376,13.058686710753907,3.91,3.05,LV,HA
30,34,delta,0.1714319271607062,0.8365633193342495,4.99,6.01,LV,HA
30,34,theta,-19.31115285722187,66.32232248814708,4.99,6.01,LV,HA
30,34,alpha,1.988747461379294,13.198141780593918,4.99,6.01,LV,HA
30,34,beta,13.610316191911494,15.827162364307615,4.99,6.01,LV,HA
30,34,gamma,3.53942031159356,3.811289113223511,4.99,6.01,LV,HA
30,35,delta,-1.6912960729592907,2.01442167271112,5.04,4.94,LV,HA
30,35,theta,-17.3632025720444,53.90705268375257,5.04,4.94,LV,HA
30,35,alpha,4.980457955126498,16.526358549781396,5.04,4.94,LV,HA
30,35,beta,12.777191486878127,22.33562955389614,5.04,4.94,LV,HA
30,35,gamma,1.2967361994164728,5.211118080882515,5.04,4.94,LV,HA
30,36,delta,-0.796757966706065,0.9195789611186024,4.03,2.96,LV,HA
30,36,theta,-21.619328865795133,54.538426872370934,4.03,2.96,LV,HA
30,36,alpha,3.389645793108171,15.283735318502169,4.03,2.96,LV,HA
30,36,beta,15.705537630376613,23.462454726474306,4.03,2.96,LV,HA
30,36,gamma,3.3157376527771776,5.790852575129108,4.03,2.96,LV,HA
30,37,delta,-0.18789449176391548,0.6914313706218287,4.13,3.95,LV,HA
30,37,theta,-23.0473742285358,47.36564895367415,4.13,3.95,LV,HA
30,37,alpha,5.97222592133615,18.715528368650048,4.13,3.95,LV,HA
30,37,beta,15.335547985372683,25.12266986401481,4.13,3.95,LV,HA
30,37,gamma,1.9245196026705749,8.095528142185744,4.13,3.95,LV,HA
30,38,delta,-0.3130850106283196,0.4591575044792999,5.04,5.04,LV,HA
30,38,theta,-14.340218793443192,48.96208056109865,5.04,5.04,LV,HA
30,38,alpha,8.385723752818619,13.593975648547168,5.04,5.04,LV,HA
30,38,beta,7.258524209760825,24.46650497093173,5.04,5.04,LV,HA
30,38,gamma,-0.9876805906582806,12.499864537600374,5.04,5.04,LV,HA
30,39,delta,-1.2928204539544854,1.311922975551173,2.97,4.12,LV,HA
30,39,theta,-36.21355318828805,54.8681048531428,2.97,4.12,LV,HA
30,39,alpha,6.865774837362135,16.14442685250899,2.97,4.12,LV,HA
30,39,beta,23.823468295639696,22.508053892752635,2.97,4.12,LV,HA
30,39,gamma,6.809073320877092,5.161847863980084,2.97,4.12,LV,HA
30,40,delta,-1.5901275820373033,1.4123503189168511,5.05,3.99,LV,HA
30,40,theta,-25.113326717813685,62.737304681587965,5.05,3.99,LV,HA
30,40,alpha,5.540121695252866,13.34787868080916,5.05,3.99,LV,HA
30,40,beta,17.132876715315014,17.940742615891107,5.05,3.99,LV,HA
30,40,gamma,4.020482129349883,4.556941317222259,5.05,3.99,LV,HA
31,1,delta,0.15941231801465083,0.3136320956374184,6.79,5.97,HV,HA
31,1,theta,5.340645646327452,30.198822092630532,6.79,5.97,HV,HA
31,1,alpha,-4.555750380079548,38.757669848992286,6.79,5.97,HV,HA
31,1,beta,-3.3896057415711507,24.806786078312307,6.79,5.97,HV,HA
31,1,gamma,2.4415968842329345,5.9130598245357024,6.79,5.97,HV,HA
31,2,delta,0.09495098399262292,0.48885452102654914,5.03,7.06,HV,HA
31,2,theta,2.8412932418545154,36.31726525091328,5.03,7.06,HV,HA
31,2,alpha,-2.080140496994492,33.36597539518096,5.03,7.06,HV,HA
31,2,beta,-2.3581198274207633,23.943375954654208,5.03,7.06,HV,HA
31,2,gamma,1.499459352957504,5.876477741575378,5.03,7.06,HV,HA
31,3,delta,0.04847088664170918,0.4816763193416983,8.04,5.08,HV,HA
31,3,theta,1.6786790223876409,32.09789798295716,8.04,5.08,HV,HA
31,3,alpha,-1.8270854917033503,23.26826534013842,8.04,5.08,HV,HA
31,3,beta,-2.5026605106271056,24.886379346431234,8.04,5.08,HV,HA
31,3,gamma,2.602247634851407,19.230616715301423,8.04,5.08,HV,HA
31,4,delta,0.04521837115096039,0.36814984060847744,6.97,2.96,HV,HA
31,4,theta,4.7772321152133586,35.39206069617734,6.97,2.96,HV,HA
31,4,alpha,-3.770871215086199,38.07307345209535,6.97,2.96,HV,HA
31,4,beta,-2.8505255411520736,22.341831509071483,6.97,2.96,HV,HA
31,4,gamma,1.793276063171529,3.820393199003867,6.97,2.96,HV,HA
31,5,delta,0.17947490350854867,0.4058810317487499,6.22,5.03,HV,HA
31,5,theta,6.786814450726268,37.4410175077268,6.22,5.03,HV,HA
31,5,alpha,-4.065599739232201,38.401424799376784,6.22,5.03,HV,HA
31,5,beta,-3.345830660079508,20.357916461365182,6.22,5.03,HV,HA
31,5,gamma,0.44774579753690436,3.3898137546137392,6.22,5.03,HV,HA
31,6,delta,0.1536338901210692,0.3969639646254241,4.99,4.97,HV,HA
31,6,theta,7.018542370804866,34.306016374652,4.99,4.97,HV,HA
31,6,alpha,-2.9583090262581564,36.724294890294885,4.99,4.97,HV,HA
31,6,beta,-4.627258783105864,23.242775599117884,4.99,4.97,HV,HA
31,6,gamma,0.414217813684874,5.322014497159628,4.99,4.97,HV,HA
31,7,delta,0.012416301092163406,0.5298898765988114,6.05,5.06,HV,HA
31,7,theta,3.8420785782997626,36.476698550557614,6.05,5.06,HV,HA
31,7,alpha,-1.6456981825069654,34.80312829176147,6.05,5.06,HV,HA
31,7,beta,-3.4731345333471513,23.497606517210293,6.05,5.06,HV,HA
31,7,gamma,1.263954738075543,4.687919420870142,6.05,5.06,HV,HA
31,8,delta,0.09995939784222008,0.37126702131762696,6.03,4.04,HV,HA
31,8,theta,5.3766895962155346,32.99492769350144,6.03,4.04,HV,HA
31,8,alpha,-2.384908204355039,39.618729827482014,6.03,4.04,HV,HA
31,8,beta,-3.8124541130614116,22.96143228628513,6.03,4.04,HV,HA
31,8,gamma,0.718073997889431,4.048334832939233,6.03,4.04,HV,HA
31,9,delta,0.27447928127754306,0.4978689950528533,6.06,3.88,HV,HA
31,9,theta,7.053875520621794,36.04236286402649,6.06,3.88,HV,HA
31,9,alpha,-3.6086811515548263,32.99195578194464,6.06,3.88,HV,HA
31,9,beta,-4.083565648996428,22.809850034272273,6.06,3.88,HV,HA
31,9,gamma,0.36351170003598554,7.645102027128477,6.06,3.88,HV,HA
31,10,delta,0.17232913528120553,0.43776352707305954,4.01,6.08,HV,HA
31,10,theta,5.280075134895384,42.80750300459733,4.01,6.08,HV,HA
31,10,alpha,-3.591293143642961,30.57769966883538,4.01,6.08,HV,HA
31,10,beta,-2.3554320115740275,22.154313493940816,4.01,6.08,HV,HA
31,10,gamma,0.4941844382817946,4.017831628462389,4.01,6.08,HV,HA
31,11,delta,0.2919202349939536,0.7430098989165487,9.0,2.82,HV,LA
31,11,theta,6.563975031943045,42.145192364148144,9.0,2.82,HV,LA
31,11,alpha,-3.887469381072327,34.26104522680865,9.0,2.82,HV,LA
31,11,beta,-3.154768182126203,18.801630846265414,9.0,2.82,HV,LA
31,11,gamma,0.18609783952457803,4.042722136658934,9.0,2.82,HV,LA
31,12,delta,0.20011455820466906,0.457130035785748,7.14,2.1,HV,LA
31,12,theta,5.49788247565202,32.39780069062232,7.14,2.1,HV,LA
31,12,alpha,-3.5899179311038765,39.046976313197135,7.14,2.1,HV,LA
31,12,beta,-3.561630984137569,23.502586295110994,7.14,2.1,HV,LA
31,12,gamma,1.451976872562148,4.589669179573075,7.14,2.1,HV,LA
31,13,delta,0.2920480873297264,0.6053055248705536,8.09,4.04,HV,LA
31,13,theta,7.186503955024058,29.42019981339235,8.09,4.04,HV,LA
31,13,alpha,-5.58401208829596,31.058486538186013,8.09,4.04,HV,LA
31,13,beta,-3.7369711371560452,26.623276586155008,8.09,4.04,HV,LA
31,13,gamma,1.839360021782154,12.282608747350233,8.09,4.04,HV,LA
31,14,delta,0.14150689008045247,0.34708184617883914,8.06,3.95,HV,LA
31,14,theta,7.634091409830141,38.53364626332268,8.06,3.95,HV,LA
31,14,alpha,-4.386210930260603,33.840641988788704,8.06,3.95,HV,LA
31,14,beta,-3.9857042820582187,23.003255633943837,8.06,3.95,HV,LA
31,14,gamma,0.595946986489027,4.270173579278836,8.06,3.95,HV,LA
31,15,delta,0.07527908300706998,0.3360858533286746,6.05,1.0,HV,LA
31,15,theta,8.505776317032975,31.844749059856937,6.05,1.0,HV,LA
31,15,alpha,-5.049419837341766,41.35848356812865,6.05,1.0,HV,LA
31,15,beta,-3.5898128302711996,22.1923858682703,6.05,1.0,HV,LA
31,15,gamma,0.056964810723830084,4.26199794261266,6.05,1.0,HV,LA
31,16,delta,0.266331815750819,0.763303043612288,6.09,4.0,HV,LA
31,16,theta,7.5203176403423555,43.65526598459437,6.09,4.0,HV,LA
31,16,alpha,-4.4493915827389365,35.87763562029757,6.09,4.0,HV,LA
31,16,beta,-3.259780945824935,16.891968081394232,6.09,4.0,HV,LA
31,16,gamma,-0.0780610870662124,2.808623576443281,6.09,4.0,HV,LA
31,17,delta,0.15588288913345527,0.3253971110813543,4.94,2.1,HV,LA
31,17,theta,5.779604096251148,34.8238107658867,4.94,2.1,HV,LA
31,17,alpha,-3.518026592361089,40.267477473453944,4.94,2.1,HV,LA
31,17,beta,-3.050938767359513,21.540071712689013,4.94,2.1,HV,LA
31,17,gamma,0.6336096510075677,3.040093940036013,4.94,2.1,HV,LA
31,18,delta,0.013185749574301853,0.2322043784200999,7.06,2.62,HV,LA
31,18,theta,4.1797674539079,35.62855706058349,7.06,2.62,HV,LA
31,18,alpha,-4.393675641712388,37.5274627186171,7.06,2.62,HV,LA
31,18,beta,-1.952217555016123,22.46775857287794,7.06,2.62,HV,LA
31,18,gamma,2.1516481748644,4.139989942701076,7.06,2.62,HV,LA
31,19,delta,0.09769904290269338,0.5394667324822081,7.95,6.06,HV,LA
31,19,theta,2.4921284839996645,36.435181201808696,7.95,6.06,HV,LA
31,19,alpha,-2.0664822678447177,28.953346878908512,7.95,6.06,HV,LA
31,19,beta,-1.183490967143399,22.582603037157604,7.95,6.06,HV,LA
31,19,gamma,0.6640373276383409,11.474932738472624,7.95,6.06,HV,LA
31,20,delta,0.3267154647541055,0.5510014192774522,6.9,3.12,HV,LA
31,20,theta,6.179759716322032,33.5666256729539,6.9,3.12,HV,LA
31,20,alpha,-2.8885252551511478,36.468392673378396,6.9,3.12,HV,LA
31,20,beta,-3.892718084163967,24.994926073639828,6.9,3.12,HV,LA
31,20,gamma,0.27521112889003874,4.414170872851644,6.9,3.12,HV,LA
31,21,delta,0.16850350782824797,0.3731410678528045,5.09,8.04,LV,LA
31,21,theta,8.357968359835048,33.24449870943848,5.09,8.04,LV,LA
31,21,alpha,-5.192825688611633,38.324704829395756,5.09,8.04,LV,LA
31,21,beta,-4.729675565252267,23.026683663778716,5.09,8.04,LV,LA
31,21,gamma,1.3927176988274939,5.0241362041113335,5.09,8.04,LV,LA
31,22,delta,0.2150981240913039,0.604357104506485,5.04,3.96,LV,LA
31,22,theta,7.344248202189249,36.48455755136469,5.04,3.96,LV,LA
31,22,alpha,-4.947028395234684,42.2420737435002,5.04,3.96,LV,LA
31,22,beta,-3.287325008799776,17.559149289433602,5.04,3.96,LV,LA
31,22,gamma,0.6752873337980905,3.1063865184285504,5.04,3.96,LV,LA
31,23,delta,0.04763532150915872,0.7157946854974023,1.0,7.08,LV,LA
31,23,theta,2.3086722873122483,44.07005799760843,1.0,7.08,LV,LA
31,23,alpha,-2.522023710997223,28.506843863659384,1.0,7.08,LV,LA
31,23,beta,-1.2428475267831818,20.865337211383547,1.0,7.08,LV,LA
31,23,gamma,1.4060507219054275,5.8349895680675,1.0,7.08,LV,LA
31,24,delta,0.0572268941277988,0.515235296038293,5.0,2.06,LV,LA
31,24,theta,4.833342374037407,33.552650134945765,5.0,2.06,LV,LA
31,24,alpha,-3.8381687646531084,34.44504666666241,5.0,2.06,LV,LA
31,24,beta,-2.870722212507655,26.401867847367367,5.0,2.06,LV,LA
31,24,gamma,1.815528606968253,5.0771161311833115,5.0,2.06,LV,LA
31,25,delta,0.12516453473174838,0.4063034776070168,6.14,3.1,LV,LA
31,25,theta,4.86324622778104,36.06808725034979,6.14,3.1,LV,LA
31,25,alpha,-6.34559207953812,38.51972488787586,6.14,3.1,LV,LA
31,25,beta,-0.7929406479441017,20.148163275728958,6.14,3.1,LV,LA
31,25,gamma,2.1516393738961064,4.852714204406626,6.14,3.1,LV,LA
31,26,delta,0.2118503102462892,0.4125618743629622,7.08,1.96,LV,LA
31,26,theta,5.311112030250996,32.778069055390276,7.08,1.96,LV,LA
31,26,alpha,-3.9858844091313568,45.288136942218884,7.08,1.96,LV,LA
31,26,beta,-2.2093619951538734,18.706751781746927,7.08,1.96,LV,LA
31,26,gamma,0.6720417311966966,2.811465416520876,7.08,1.96,LV,LA
31,27,delta,0.14112320101014197,0.6124998136861945,5.0,1.95,LV,LA
31,27,theta,5.5435086254507695,39.816395865888666,5.0,1.95,LV,LA
31,27,alpha,-3.3828056954712906,34.65124054949581,5.0,1.95,LV,LA
31,27,beta,-2.6845542576367496,20.955393804103796,5.0,1.95,LV,LA
31,27,gamma,0.38165249058996764,3.959501412532433,5.0,1.95,LV,LA
31,28,delta,0.12462759784824007,0.5517773763519335,5.01,1.96,LV,LA
31,28,theta,7.864127840052966,37.455809856880734,5.01,1.96,LV,LA
31,28,alpha,-4.508668746183153,36.02550792999041,5.01,1.96,LV,LA
31,28,beta,-4.1264274231007185,20.93808641872349,5.01,1.96,LV,LA
31,28,gamma,0.6440336585637434,5.022703300527587,5.01,1.96,LV,LA
31,29,delta,0.2048588721623924,0.23430472391584067,5.09,1.0,LV,LA
31,29,theta,7.152341798908608,29.461439862785518,5.09,1.0,LV,LA
31,29,alpha,-6.001924386349785,39.882156935894336,5.09,1.0,LV,LA
31,29,beta,-3.8357908318619387,25.496660180158585,5.09,1.0,LV,LA
31,29,gamma,2.480834728160569,4.919381244789529,5.09,1.0,LV,LA
31,30,delta,0.1727506057606668,0.39339731274708306,3.13,8.01,LV,LA
31,30,theta,6.467448627238568,29.557743162213914,3.13,8.01,LV,LA
31,30,alpha,-5.501558363524122,38.70481994809557,3.13,8.01,LV,LA
31,30,beta,-4.112374165668575,24.696093311203185,3.13,8.01,LV,LA
31,30,gamma,2.973985208842291,6.6413124515622055,3.13,8.01,LV,LA
31,31,delta,0.35181259285151456,0.5914066948380551,5.0,5.0,LV,HA
31,31,theta,8.720781636544622,36.575035492208535,5.0,5.0,LV,HA
31,31,alpha,-4.83755289751978,34.638837835248026,5.0,5.0,LV,HA
31,31,beta,-4.831978728119061,22.72111420246752,5.0,5.0,LV,HA
31,31,gamma,0.5957103553510299,5.468020302746727,5.0,5.0,LV,HA
31,32,delta,0.2235599972071507,0.4305392839878397,1.0,7.97,LV,HA
31,32,theta,4.72227314229653,36.22696247719168,1.0,7.97,LV,HA
31,32,alpha,-3.8650013656868296,33.22952921333321,1.0,7.97,LV,HA
31,32,beta,-2.8695197824449323,24.2181657655502,1.0,7.97,LV,HA
31,32,gamma,1.7887427567706213,5.888811898768891,1.0,7.97,LV,HA
31,33,delta,0.12747941991044098,0.7247452508615184,4.18,9.0,LV,HA
31,33,theta,3.377467262180204,41.3457428560503,4.18,9.0,LV,HA
31,33,alpha,-2.680302939544047,33.911507564190174,4.18,9.0,LV,HA
31,33,beta,-2.313819492175524,19.21179376797022,4.18,9.0,LV,HA
31,33,gamma,1.4859651543883472,4.800911835986698,4.18,9.0,LV,HA
31,34,delta,0.14967907936968916,0.5820843290942321,1.95,8.03,LV,HA
31,34,theta,3.2138291920487205,40.228072436155784,1.95,8.03,LV,HA
31,34,alpha,-2.636949586251278,34.404787445066546,1.95,8.03,LV,HA
31,34,beta,-1.368891589980473,20.103986143881933,1.95,8.03,LV,HA
31,34,gamma,0.6410582715422795,4.676037485292798,1.95,8.03,LV,HA
31,35,delta,0.26929892878275485,0.4275638691037843,4.03,7.14,LV,HA
31,35,theta,6.111828562342616,32.62539286166158,4.03,7.14,LV,HA
31,35,alpha,-4.541759311424691,39.70138084648363,4.03,7.14,LV,HA
31,35,beta,-3.4304797274716403,22.131562765524706,4.03,7.14,LV,HA
31,35,gamma,1.5872190916745161,5.108653865739605,4.03,7.14,LV,HA
31,36,delta,0.24443506386725977,0.3563128259631376,4.97,6.95,LV,HA
31,36,theta,6.404028174859654,30.622609205478838,4.97,6.95,LV,HA
31,36,alpha,-4.804527556970086,38.04583473996082,4.97,6.95,LV,HA
31,36,beta,-3.721833509364375,25.30844093412731,4.97,6.95,LV,HA
31,36,gamma,1.8761811113728593,5.6568857447116425,4.97,6.95,LV,HA
31,37,delta,-0.023482295427913913,0.48345361617323623,1.0,9.0,LV,HA
31,37,theta,3.807804632302023,38.68292610156904,1.0,9.0,LV,HA
31,37,alpha,-2.439280405403551,31.838323540988682,1.0,9.0,LV,HA
31,37,beta,-2.3005091837179776,22.735326673219674,1.0,9.0,LV,HA
31,37,gamma,0.9564927828060235,6.2452912516701495,1.0,9.0,LV,HA
31,38,delta,0.19227495962502417,0.8590961573727868,1.0,9.0,LV,HA
31,38,theta,2.369878863287198,44.20727638713658,1.0,9.0,LV,HA
31,38,alpha,-1.716381518054309,30.052451462342262,1.0,9.0,LV,HA
31,38,beta,-1.9244481217696423,20.620164624872984,1.0,9.0,LV,HA
31,38,gamma,1.0747908181371026,4.256095741018597,1.0,9.0,LV,HA
31,39,delta,0.12876311770450766,0.4250755925187922,1.0,9.0,LV,HA
31,39,theta,5.196735660017552,39.11954448031928,1.0,9.0,LV,HA
31,39,alpha,-4.988425086550997,32.43512865911337,1.0,9.0,LV,HA
31,39,beta,-2.5300352332064246,22.4612676400787,1.0,9.0,LV,HA
31,39,gamma,2.1916684411392744,5.550423345825747,1.0,9.0,LV,HA
31,40,delta,0.13151715803786057,0.3636500486464044,3.99,8.06,LV,HA
31,40,theta,4.306844622504833,32.24807425808338,3.99,8.06,LV,HA
31,40,alpha,-3.5760600388846306,37.48021561065474,3.99,8.06,LV,HA
31,40,beta,-2.921637876413966,24.491855123833307,3.99,8.06,LV,HA
31,40,gamma,2.05269242607108,5.4073516455333905,3.99,8.06,LV,HA
32,1,delta,-0.3125938841021314,1.087412052387697,8.13,4.83,HV,HA
32,1,theta,-0.9265062508755477,69.00512912680846,8.13,4.83,HV,HA
32,1,alpha,2.6594046830693223,11.99889600562222,8.13,4.83,HV,HA
32,1,beta,-0.2183367693256848,11.749392374478493,8.13,4.83,HV,HA
32,1,gamma,-1.1987836098177311,6.149681758518559,8.13,4.83,HV,HA
32,2,delta,-0.20522096775960463,1.3640736457185525,4.99,2.99,HV,HA
32,2,theta,-6.546268377540088,69.036565095396,4.99,2.99,HV,HA
32,2,alpha,3.7327743460339633,10.747283563176412,4.99,2.99,HV,HA
32,2,beta,1.9777404692089888,11.311401922650898,4.99,2.99,HV,HA
32,2,gamma,1.0372269098843736,7.528821155006572,4.99,2.99,HV,HA
32,3,delta,0.022833063497773587,1.0262016491429997,8.05,7.09,HV,HA
32,3,theta,-3.383392516891817,68.92716268228455,8.05,7.09,HV,HA
32,3,alpha,2.1458588179967073,12.573017000255524,8.05,7.09,HV,HA
32,3,beta,0.6220238594788121,11.14544778750465,8.05,7.09,HV,HA
32,3,gamma,0.5931265301760869,6.319827778678692,8.05,7.09,HV,HA
32,4,delta,-0.17499231661234205,0.6680054266013027,6.96,5.14,HV,HA
32,4,theta,4.092179922554919,50.545009119528196,6.96,5.14,HV,HA
32,4,alpha,-0.8494345488659398,20.058027587328134,6.96,5.14,HV,HA
32,4,beta,-1.5920330086769425,20.595875288086727,6.96,5.14,HV,HA
32,4,gamma,-1.476255619194351,8.126137512814099,6.96,5.14,HV,HA
32,5,delta,-0.22081089890356398,1.913261612167735,7.15,5.94,HV,HA
32,5,theta,-4.092449117224135,76.68857467082051,7.15,5.94,HV,HA
32,5,alpha,3.044564473671077,10.064642796870567,7.15,5.94,HV,HA
32,5,beta,0.7965546890663067,7.396109262748676,7.15,5.94,HV,HA
32,5,gamma,0.47266591223941035,3.931499592203582,7.15,5.94,HV,HA
32,6,delta,0.05233094761016033,0.9372367776827382,5.78,3.99,HV,HA
32,6,theta,0.7935266791317446,70.80251198397029,5.78,3.99,HV,HA
32,6,alpha,1.6477594364794825,17.451697438780798,5.78,3.99,HV,HA
32,6,beta,-1.3363728744222216,8.637971073543355,5.78,3.99,HV,HA
32,6,gamma,-1.155289473951393,2.1657088925841794,5.78,3.99,HV,HA
32,7,delta,-0.2624780862478978,0.9716853130301839,4.94,4.09,HV,HA
32,7,theta,-3.0787456718160087,77.60895662299933,4.94,4.09,HV,HA
32,7,alpha,4.050630584902551,11.879816200463186,4.94,4.09,HV,HA
32,7,beta,0.39602234191277574,6.800769936108322,4.94,4.09,HV,HA
32,7,gamma,-1.1047827820260885,2.736466427010084,4.94,4.09,HV,HA
32,8,delta,-0.12083478349447041,0.8447657671047901,7.96,6.06,HV,HA
32,8,theta,0.783934475260736,60.5850930411995,7.96,6.06,HV,HA
32,8,alpha,2.392367259024537,16.70809567123423,7.96,6.06,HV,HA
32,8,beta,-1.6986000758115747,15.232597747274982,7.96,6.06,HV,HA
32,8,gamma,-1.3554188597702979,6.616183349423239,7.96,6.06,HV,HA
32,9,delta,0.1402285252258192,0.8259164424560164,7.86,4.17,HV,HA
32,9,theta,-0.7171784903242866,49.21499380773906,7.86,4.17,HV,HA
32,9,alpha,2.8247156034302954,16.933190996404775,7.86,4.17,HV,HA
32,9,beta,-1.7337796622317398,20.047789355328042,7.86,4.17,HV,HA
32,9,gamma,-0.5136139723866329,12.959847056173167,7.86,4.17,HV,HA
32,10,delta,-0.14456334371423174,0.9612700695965306,4.08,5.95,HV,HA
32,10,theta,-5.154380328684638,78.75395023875208,4.08,5.95,HV,HA
32,10,alpha,4.399985697981199,10.70413211228652,4.08,5.95,HV,HA
32,10,beta,0.8958822225739178,6.614519993183334,4.08,5.95,HV,HA
32,10,gamma,0.002780119923150526,2.9624635016405123,4.08,5.95,HV,HA
32,11,delta,-0.11441656570005954,0.6488303064975087,8.24,6.22,HV,LA
32,11,theta,-3.962722274328094,55.02707766946649,8.24,6.22,HV,LA
32,11,alpha,2.790658002428806,14.111677171924043,8.24,6.22,HV,LA
32,11,beta,0.11765997969699526,18.353842950678967,8.24,6.22,HV,LA
32,11,gamma,1.1738536835655502,11.83768655007699,8.24,6.22,HV,LA
32,12,delta,-0.19038431541755418,0.867421409798208,7.31,3.88,HV,LA
32,12,theta,11.063788431340676,51.04150128701793,7.31,3.88,HV,LA
32,12,alpha,-0.49265618216953655,21.12117280202039,7.31,3.88,HV,LA
32,12,beta,-6.597496736055014,19.814317489387534,7.31,3.88,HV,LA
32,12,gamma,-3.778968516444908,7.146743145595991,7.31,3.88,HV,LA
32,13,delta,-0.06724238057360943,0.8905405659287446,7.09,3.87,HV,LA
32,13,theta,1.6182352694234083,48.95940691543878,7.09,3.87,HV,LA
32,13,alpha,2.8337988100920057,15.315824975560886,7.09,3.87,HV,LA
32,13,beta,-2.412579292045507,20.274570823402538,7.09,3.87,HV,LA
32,13,gamma,-1.964112510339465,14.530532478463613,7.09,3.87,HV,LA
32,14,delta,-0.0061615058540177015,0.3184388286410631,7.1,6.03,HV,LA
32,14,theta,6.84305163968677,41.80501655967173,7.1,6.03,HV,LA
32,14,alpha,1.3260924991569816,19.318710166106186,7.1,6.03,HV,LA
32,14,beta,-4.498279969007269,23.872919297041264,7.1,6.03,HV,LA
32,14,gamma,-3.6628774365299748,14.67091377730932,7.1,6.03,HV,LA
32,15,delta,-0.042036037203947885,1.0684417109582844,5.01,1.77,HV,LA
32,15,theta,-2.9815197173602144,68.95110384382161,5.01,1.77,HV,LA
32,15,alpha,3.3370241423803257,12.046866581709349,5.01,1.77,HV,LA
32,15,beta,0.05186829942659976,11.075609822748326,5.01,1.77,HV,LA
32,15,gamma,-0.36563847299859464,6.8497634444658715,5.01,1.77,HV,LA
32,16,delta,-0.24404654810877768,0.8700848368997778,3.97,6.0,HV,LA
32,16,theta,-1.058245264118817,46.806421877412156,3.97,6.0,HV,LA
32,16,alpha,2.951740286457534,19.132091149069502,3.97,6.0,HV,LA
32,16,beta,-0.8390102302045861,22.751725552253205,3.97,6.0,HV,LA
32,16,gamma,-0.8044802072366402,10.427343560996984,3.97,6.0,HV,LA
32,17,delta,-0.07426922212729936,1.0038676015465264,6.09,5.03,HV,LA
32,17,theta,1.189623908137733,70.56724384583248,6.09,5.03,HV,LA
32,17,alpha,2.2599323456317784,12.48358160846406,6.09,5.03,HV,LA
32,17,beta,-1.29798503268802,9.720461627321328,6.09,5.03,HV,LA
32,17,gamma,-2.0756029208866105,6.218635348777484,6.09,5.03,HV,LA
32,18,delta,0.16334395306449867,1.6543758010705214,8.03,7.06,HV,LA
32,18,theta,-4.4153522862620775,75.90783211889087,8.03,7.06,HV,LA
32,18,alpha,3.5935729404691177,10.069184953595801,8.03,7.06,HV,LA
32,18,beta,0.6413363566356853,8.457980511231717,8.03,7.06,HV,LA
32,18,gamma,0.01709960672108224,3.9036625212866536,8.03,7.06,HV,LA
32,19,delta,-0.2200156237268861,0.6002888539344271,8.24,7.24,HV,LA
32,19,theta,4.064037623052933,46.01992393957275,8.24,7.24,HV,LA
32,19,alpha,0.6270865042227953,18.252547144115827,8.24,7.24,HV,LA
32,19,beta,-2.472182024321082,22.778702371361625,8.24,7.24,HV,LA
32,19,gamma,-1.988805313279352,12.331812380825426,8.24,7.24,HV,LA
32,20,delta,-0.27617265116576317,0.9637791652177458,6.03,4.12,HV,LA
32,20,theta,-1.539880851693482,56.57275521258109,6.03,4.12,HV,LA
32,20,alpha,3.3093521762803757,15.078534031949276,6.03,4.12,HV,LA
32,20,beta,-1.0861141913023182,16.755649944719593,6.03,4.12,HV,LA
32,20,gamma,-0.4068253066903562,10.611363607468626,6.03,4.12,HV,LA
32,21,delta,-0.030025471418920535,1.109505579238309,4.12,5.99,LV,LA
32,21,theta,2.487891037751453,68.88356215787051,4.12,5.99,LV,LA
32,21,alpha,1.5771705685180564,16.91060168827798,4.12,5.99,LV,LA
32,21,beta,-1.733415107490762,9.382529110823185,4.12,5.99,LV,LA
32,21,gamma,-2.2975626683358716,3.707866228012789,4.12,5.99,LV,LA
32,22,delta,-0.3158276084772136,1.2604534370069929,4.15,6.06,LV,LA
32,22,theta,0.15870303839031408,65.52236368881967,4.15,6.06,LV,LA
32,22,alpha,3.3027530744682316,15.580298786629402,4.15,6.06,LV,LA
32,22,beta,-1.5720048768822696,13.230968545568722,4.15,6.06,LV,LA
32,22,gamma,-1.5700248937544656,4.4011653897736736,4.15,6.06,LV,LA
32,23,delta,-0.34832452864841323,1.2159764305128231,3.01,6.15,LV,LA
32,23,theta,-2.59238267303553,71.93714707199987,3.01,6.15,LV,LA
32,23,alpha,4.186465271817472,11.927620030203894,3.01,6.15,LV,LA
32,23,beta,0.3063922436107269,9.596375361266869,3.01,6.15,LV,LA
32,23,gamma,-1.5497321057740345,5.3142939399704705,3.01,6.15,LV,LA
32,24,delta,-0.11859872364597246,1.3367656734920415,1.0,7.31,LV,LA
32,24,theta,-2.259439084063999,74.03389170729882,1.0,7.31,LV,LA
32,24,alpha,4.190451186411874,13.467117392141411,1.0,7.31,LV,LA
32,24,beta,-0.4558687396160055,8.141128101924785,1.0,7.31,LV,LA
32,24,gamma,-1.3550906788462767,3.017215425431788,1.0,7.31,LV,LA
32,25,delta,-0.529869184374059,1.6594057922321839,4.01,7.17,LV,LA
32,25,theta,-7.534520068814018,75.28655894985818,4.01,7.17,LV,LA
32,25,alpha,2.1630265044577577,7.909619608414835,4.01,7.17,LV,LA
32,25,beta,2.641769632829358,9.178485120368949,4.01,7.17,LV,LA
32,25,gamma,3.25580568651045,5.958118761419144,4.01,7.17,LV,LA
32,26,delta,-0.2028717858997785,0.8208383270590748,5.14,3.09,LV,LA
32,26,theta,-3.944816002017859,54.96824956592326,5.14,3.09,LV,LA
32,26,alpha,3.5249883473280743,17.823229651179766,5.14,3.09,LV,LA
32,26,beta,0.17410710327705914,18.957056372515858,5.14,3.09,LV,LA
32,26,gamma,0.4483824978967883,7.42400087661411,5.14,3.09,LV,LA
32,27,delta,-0.1243011004926926,0.8758760638085371,6.0,7.24,LV,LA
32,27,theta,2.5313752954941293,62.13734520832257,6.0,7.24,LV,LA
32,27,alpha,1.4236126385419325,18.950355429164212,6.0,7.24,LV,LA
32,27,beta,-1.7515937969442277,12.498676449234488,6.0,7.24,LV,LA
32,27,gamma,-2.0766818096688766,5.526870421861196,6.0,7.24,LV,LA
32,28,delta,0.4077570484422468,0.4342381242668599,6.03,5.0,LV,LA
32,28,theta,4.366710591182887,30.279413617982613,6.03,5.0,LV,LA
32,28,alpha,-0.6316637099586,18.592385360655136,6.03,5.0,LV,LA
32,28,beta,-2.9134088607148314,30.440064507257624,6.03,5.0,LV,LA
32,28,gamma,-1.2288285671564978,20.23145775604602,6.03,5.0,LV,LA
32,29,delta,-0.11883393877300841,1.0149506302166011,4.09,6.08,LV,LA
32,29,theta,-5.345060391174684,71.48661739549503,4.09,6.08,LV,LA
32,29,alpha,5.682310716115319,12.245469662037372,4.09,6.08,LV,LA
32,29,beta,0.4847799800110728,10.40098575671474,4.09,6.08,LV,LA
32,29,gamma,-0.7031399843524229,4.845963559380721,4.09,6.08,LV,LA
32,30,delta,-0.14159021932849525,1.6512873697200254,1.0,7.27,LV,LA
32,30,theta,-7.050940725089134,71.52486410564342,1.0,7.27,LV,LA
32,30,alpha,1.6907841839415223,10.112525647094206,1.0,7.27,LV,LA
32,30,beta,2.894394853925954,9.697637328737875,1.0,7.27,LV,LA
32,30,gamma,2.599643558095657,7.0020909839826855,1.0,7.27,LV,LA
32,31,delta,-0.4423784375939075,1.6400734058257935,4.17,5.96,LV,HA
32,31,theta,-2.021942006245382,75.3979195040752,4.17,5.96,LV,HA
32,31,alpha,4.17440146397913,10.790400159650943,4.17,5.96,LV,HA
32,31,beta,-0.3916552182849582,8.37121012967819,4.17,5.96,LV,HA
32,31,gamma,-1.317175701098234,3.7950088435700975,4.17,5.96,LV,HA
32,32,delta,-0.25795882229706835,1.1931798879602056,3.87,7.15,LV,HA
32,32,theta,-1.9066122449316367,57.02457998937848,3.87,7.15,LV,HA
32,32,alpha,1.587309620098745,14.568157306696271,3.87,7.15,LV,HA
32,32,beta,0.4941633835551027,15.454315934143722,3.87,7.15,LV,HA
32,32,gamma,0.08183787729033298,11.746540004208052,3.87,7.15,LV,HA
32,33,delta,-0.13079284046638318,1.8785131007624098,4.06,1.0,LV,HA
32,33,theta,-4.9156394623522175,72.70397927312048,4.06,1.0,LV,HA
32,33,alpha,1.9774927623755048,9.469029261817038,4.06,1.0,LV,HA
32,33,beta,1.362333031959098,9.547464310866374,4.06,1.0,LV,HA
32,33,gamma,1.70739458668357,6.396615421157323,4.06,1.0,LV,HA
32,34,delta,-0.9680870554202623,2.36745933791531,4.05,6.27,LV,HA
32,34,theta,-8.673651857152258,46.02858309035839,4.05,6.27,LV,HA
32,34,alpha,0.5394816982372248,14.423396640241599,4.05,6.27,LV,HA
32,34,beta,3.714216970463312,23.51208413636779,4.05,6.27,LV,HA
32,34,gamma,5.376956779240885,13.650544472758462,4.05,6.27,LV,HA
32,35,delta,-0.17331431747502957,0.9603470971441705,3.88,7.26,LV,HA
32,35,theta,3.1894572454974295,60.61596030120822,3.88,7.26,LV,HA
32,35,alpha,2.4878664264244286,16.149713517693662,3.88,7.26,LV,HA
32,35,beta,-3.179568486855418,15.539556185827259,3.88,7.26,LV,HA
32,35,gamma,-2.3220258569965546,6.7246572729385665,3.88,7.26,LV,HA
32,36,delta,-0.15174445093990485,1.0863814203137916,3.91,6.96,LV,HA
32,36,theta,-6.450036144310388,70.12633356315614,3.91,6.96,LV,HA
32,36,alpha,3.6361176999451548,12.64121681932223,3.91,6.96,LV,HA
32,36,beta,1.3393647828745774,10.252059159898469,3.91,6.96,LV,HA
32,36,gamma,1.6218566898209605,5.887426378112163,3.91,6.96,LV,HA
32,37,delta,-0.2777316122710989,1.3322462681798246,2.81,6.13,LV,HA
32,37,theta,-4.676866821142752,74.11034123585887,2.81,6.13,LV,HA
32,37,alpha,3.4813581332351404,10.956144808965519,2.81,6.13,LV,HA
32,37,beta,1.5489968268770422,9.264307482513571,2.81,6.13,LV,HA
32,37,gamma,-0.0769190572696612,4.3311103061883935,2.81,6.13,LV,HA
32,38,delta,-0.2403035423704334,1.730836511989811,3.05,7.01,LV,HA
32,38,theta,-8.907728882871353,72.23919051813337,3.05,7.01,LV,HA
32,38,alpha,4.577353096688327,9.25010712741941,3.05,7.01,LV,HA
32,38,beta,2.7917217871738202,10.74203352036686,3.05,7.01,LV,HA
32,38,gamma,1.7744827176556992,6.031297006309038,3.05,7.01,LV,HA
32,39,delta,-0.16826947520034263,1.3095758933172856,3.99,7.17,LV,HA
32,39,theta,-1.1492438205102644,65.94206783273606,3.99,7.17,LV,HA
32,39,alpha,3.324730345709691,13.791171455192025,3.99,7.17,LV,HA
32,39,beta,-0.3354860089249083,12.654166273707485,3.99,7.17,LV,HA
32,39,gamma,-1.6694389936810294,6.2946621393134805,3.99,7.17,LV,HA
32,40,delta,-0.22399176473709104,0.9477492841541942,7.15,4.03,LV,HA
32,40,theta,-6.048910529263765,66.3302825656137,7.15,4.03,LV,HA
32,40,alpha,3.3912803116283357,12.223306864340792,7.15,4.03,LV,HA
32,40,beta,1.8837127102533486,12.53421244574157,7.15,4.03,LV,HA
32,40,gamma,0.9948848212380721,7.952474946253435,7.15,4.03,LV,HA
